4 0.516866 0.459582 0.0349423 0.182009 0.92129
30 0.760525 0.601055 0.0612089 0.134745 0.912305
18 0.461517 0.643854 0.0274775 0.152178 0.9003
8 0.328971 0.469476 0.0444103 0.144991 0.89382
7 0.479286 0.463514 0.0357534 0.173982 0.888646
16 0.551875 0.463996 0.0310879 0.170379 0.88542
22 0.713573 0.631968 0.0581883 0.153114 0.872931
21 0.709935 0.471718 0.0426863 0.143803 0.869549
28 0.253074 0.461263 0.043008 0.136283 0.868787
1 0.583481 0.462599 0.0323903 0.17136 0.867795
27 0.375622 0.628678 0.0326704 0.145209 0.863836
9 0.668695 0.468011 0.0421428 0.157105 0.86299
12 0.389715 0.459766 0.0344479 0.169543 0.853596
0 0.414683 0.455745 0.0364491 0.173668 0.851966
20 0.289347 0.464973 0.0423389 0.146926 0.846601
19 0.446494 0.461549 0.0323086 0.169948 0.839349
10 0.663399 0.640097 0.0527941 0.162817 0.838467
31 0.239653 0.594142 0.0607142 0.1346 0.836496
24 0.363114 0.464942 0.0314648 0.157836 0.827481
15 0.608788 0.469971 0.0294971 0.158283 0.805263
3 0.432689 0.650753 0.0297695 0.175106 0.804552
14 0.404386 0.639123 0.0333168 0.162173 0.790516
23 0.284996 0.621514 0.058433 0.154406 0.789702
26 0.622936 0.643564 0.0314552 0.16761 0.788376
13 0.594782 0.651449 0.0318058 0.174387 0.733841
29 0.746283 0.471116 0.0439265 0.124749 0.730342
5 0.488097 0.643765 0.0248344 0.134762 0.724797
17 0.538554 0.642472 0.0279098 0.139422 0.709362
6 0.513677 0.64575 0.0256919 0.135247 0.701523
25 0.633134 0.467334 0.0297577 0.159256 0.688279
2 0.565981 0.652738 0.0284122 0.167707 0.678458
11 0.335743 0.627724 0.0524268 0.155653 0.538644
