9 0.671595 0.408032 0.0469961 0.177694 0.942086
23 0.296044 0.564417 0.074684 0.162791 0.91095
8 0.321927 0.398666 0.0520988 0.17325 0.909446
30 0.759196 0.509244 0.0616026 0.160841 0.906895
7 0.479726 0.426431 0.0374754 0.203425 0.897835
22 0.707791 0.57097 0.0740891 0.158618 0.893345
31 0.24935 0.526384 0.0694304 0.176732 0.879537
12 0.389205 0.405576 0.0339923 0.189149 0.860998
0 0.415934 0.422541 0.032863 0.202685 0.856188
10 0.655249 0.598192 0.0543286 0.181942 0.855582
24 0.359883 0.397495 0.0354191 0.181504 0.854522
11 0.347092 0.585619 0.0627787 0.177929 0.854203
5 0.486898 0.611803 0.0250422 0.13497 0.851942
1 0.579772 0.413151 0.0336315 0.202578 0.843529
4 0.515485 0.420208 0.0326801 0.215774 0.834055
15 0.608465 0.406554 0.0343022 0.189694 0.833509
19 0.445929 0.4288 0.0327452 0.198594 0.821914
14 0.413685 0.612154 0.0341811 0.170572 0.804016
18 0.465589 0.609999 0.0250408 0.137465 0.7998
20 0.279858 0.395473 0.0503193 0.14877 0.796699
2 0.557709 0.619534 0.0349141 0.183855 0.79091
25 0.636352 0.405338 0.0339782 0.181041 0.788509
13 0.584931 0.609657 0.033301 0.175395 0.788483
3 0.441674 0.616176 0.0304211 0.160418 0.783879
6 0.509209 0.611313 0.0252358 0.133233 0.772095
17 0.530856 0.608422 0.0256765 0.149181 0.743411
16 0.54796 0.412407 0.0308617 0.209071 0.737624
27 0.385898 0.599044 0.0374963 0.1631 0.715989
26 0.615992 0.604376 0.0394148 0.175258 0.701215
21 0.708828 0.402028 0.0493156 0.15283 0.476676
28 0.277037 0.396193 0.0551585 0.148565 0.274978
