8 0.348706 0.440425 0.0626293 0.184002 0.947013
31 0.267992 0.606839 0.0674355 0.16512 0.922876
11 0.36907 0.62002 0.0554946 0.188776 0.921013
20 0.309075 0.444159 0.0527265 0.18519 0.907411
23 0.319064 0.626768 0.0637348 0.181935 0.905612
7 0.487351 0.394671 0.0345045 0.194792 0.901051
0 0.433066 0.394306 0.0418574 0.213379 0.85545
12 0.412805 0.407778 0.0464448 0.20095 0.853031
27 0.406256 0.609701 0.0393915 0.187469 0.85136
22 0.672776 0.630403 0.0552467 0.182356 0.851327
24 0.385228 0.417832 0.0473886 0.194161 0.844756
10 0.625143 0.62298 0.052548 0.190127 0.834526
6 0.506166 0.585564 0.0217544 0.163175 0.826006
1 0.567703 0.404091 0.0342875 0.207149 0.82483
18 0.472752 0.587101 0.0253152 0.167387 0.803609
16 0.544153 0.402216 0.0310507 0.193843 0.795958
19 0.459591 0.392811 0.0326012 0.186722 0.795167
5 0.490128 0.584966 0.0226015 0.165108 0.792162
14 0.431096 0.607295 0.0314476 0.196915 0.785179
30 0.718542 0.607941 0.0569098 0.150145 0.782313
26 0.590707 0.617783 0.034818 0.191172 0.781828
4 0.518161 0.396872 0.0346132 0.196359 0.779516
17 0.52319 0.589475 0.0206309 0.163786 0.778817
25 0.614117 0.427021 0.0383346 0.18753 0.734524
3 0.450262 0.604636 0.0279194 0.196909 0.71089
15 0.588521 0.415254 0.036507 0.198602 0.710501
21 0.690308 0.447514 0.0479613 0.178496 0.706657
2 0.54276 0.607451 0.0262293 0.206919 0.690981
13 0.56671 0.613308 0.0290018 0.20435 0.680694
9 0.648552 0.443685 0.0532283 0.183608 0.678379
29 0.690626 0.449489 0.0492201 0.180031 0.374568
