31 0.177832 0.554605 0.0809563 0.147624 0.952377
11 0.298412 0.651489 0.0877687 0.207823 0.948988
30 0.837441 0.579447 0.0847435 0.159905 0.94125
8 0.306479 0.417279 0.0675653 0.185197 0.940569
10 0.715053 0.662073 0.0918072 0.207633 0.939684
26 0.657568 0.67568 0.0506821 0.197733 0.933957
21 0.755346 0.409392 0.0733593 0.148213 0.926308
22 0.773135 0.626404 0.0803007 0.187284 0.923522
25 0.66812 0.4378 0.0393248 0.196293 0.923203
23 0.236042 0.613507 0.086472 0.205599 0.922094
27 0.35841 0.657045 0.0555248 0.193648 0.920557
9 0.710295 0.434615 0.0652699 0.183678 0.918912
1 0.597883 0.45227 0.0352624 0.21835 0.91547
14 0.398316 0.669154 0.0441803 0.194306 0.9136
2 0.592537 0.704759 0.0444775 0.223822 0.91124
13 0.619661 0.687412 0.0336056 0.192238 0.910835
0 0.421082 0.422264 0.0355167 0.252349 0.910774
3 0.429039 0.6856 0.0519493 0.220369 0.905171
20 0.26005 0.387646 0.0743628 0.179542 0.9029
28 0.226503 0.298347 0.0656536 0.171816 0.899912
15 0.632854 0.445588 0.0375322 0.20617 0.899235
24 0.351122 0.427204 0.0418943 0.182827 0.893804
29 0.785613 0.304098 0.0526648 0.157401 0.877029
7 0.48806 0.457939 0.0380245 0.208306 0.86962
4 0.528672 0.455811 0.0364069 0.203677 0.866176
17 0.553469 0.686337 0.028425 0.184112 0.866139
18 0.47052 0.689854 0.0259279 0.22175 0.863644
16 0.563729 0.462524 0.0278746 0.195975 0.847577
19 0.457992 0.446012 0.0332464 0.208725 0.836648
12 0.384221 0.428357 0.0378545 0.19824 0.747484
5 0.49745 0.694712 0.0219863 0.208716 0.636749
6 0.52045 0.674462 0.0262726 0.181404 0.592471
7 0.528666 0.457567 0.037196 0.203655 0.357933
