22 0.833171 0.565444 0.0976201 0.177399 0.956247
11 0.295859 0.610954 0.089491 0.221271 0.949024
26 0.696212 0.661957 0.0424055 0.243088 0.943566
9 0.752609 0.395166 0.0552637 0.186295 0.943043
10 0.76145 0.632351 0.0873735 0.215064 0.942664
20 0.215043 0.373629 0.05 0.185419 0.924975
2 0.613608 0.653987 0.0471144 0.221225 0.915334
13 0.655109 0.661527 0.0377849 0.248262 0.914422
14 0.39482 0.654934 0.0491006 0.234003 0.910578
21 0.814002 0.382466 0.0610829 0.213517 0.909916
18 0.468771 0.636138 0.0300592 0.183208 0.909217
27 0.356104 0.639144 0.0581134 0.231106 0.896392
23 0.223533 0.568395 0.0973941 0.183804 0.888126
5 0.494875 0.627839 0.0313078 0.172014 0.854154
3 0.435508 0.659165 0.0387306 0.233344 0.853999
8 0.264363 0.347454 0.0528066 0.141548 0.843409
17 0.587007 0.636616 0.035326 0.163203 0.838202
29 0.859634 0.359527 0.0698179 0.17981 0.798309
1 0.632479 0.372167 0.0418458 0.270477 0.762765
0 0.437328 0.381536 0.0415596 0.264149 0.732756
6 0.52894 0.604254 0.0316898 0.124196 0.655559
19 0.468722 0.387091 0.0388668 0.205964 0.623317
16 0.591824 0.394681 0.0323519 0.193249 0.61713
12 0.400851 0.381608 0.0392502 0.244397 0.474813
0 0.40231 0.382339 0.0401558 0.243416 0.254215
