26 0.708059 0.678103 0.0654783 0.199173 0.956502
2 0.603507 0.680236 0.0379762 0.233624 0.929853
30 0.874705 0.549859 0.0901512 0.128927 0.907986
17 0.56634 0.678819 0.0310614 0.203454 0.899635
3 0.444208 0.70058 0.039336 0.224647 0.891574
31 0.1705 0.559297 0.101612 0.147918 0.886887
21 0.822645 0.420737 0.0624405 0.193155 0.885754
9 0.756147 0.419078 0.0749414 0.227571 0.882119
14 0.404073 0.698112 0.0467505 0.211919 0.85439
27 0.341068 0.691762 0.0807264 0.195515 0.835274
6 0.536371 0.668395 0.0247269 0.175815 0.829089
18 0.47998 0.671527 0.0323273 0.172397 0.799876
5 0.510441 0.668978 0.025631 0.173466 0.789763
25 0.701487 0.422741 0.0386276 0.202072 0.73066
7 0.510861 0.44546 0.0421154 0.219746 0.728002
15 0.393977 0.440259 0.0429401 0.214296 0.710758
9 0.298501 0.441977 0.0659434 0.211349 0.702749
7 0.554744 0.441886 0.0421998 0.232621 0.701776
0 0.43411 0.442725 0.0418774 0.216297 0.682465
19 0.592441 0.457602 0.0336433 0.165148 0.65066
19 0.471796 0.443116 0.0344019 0.199104 0.609492
1 0.434195 0.442057 0.0398787 0.219271 0.573731
1 0.662887 0.426917 0.0435898 0.221913 0.533096
12 0.394202 0.440451 0.0433934 0.21386 0.488091
21 0.232814 0.429135 0.0622793 0.195738 0.486487
4 0.554627 0.439791 0.0416512 0.233638 0.460232
16 0.471191 0.442404 0.0354919 0.200735 0.420415
24 0.352278 0.428882 0.0392753 0.224133 0.413425
20 0.232768 0.429036 0.0617413 0.198718 0.41039
25 0.352712 0.430794 0.0377824 0.221105 0.387592
8 0.298418 0.442123 0.0666441 0.212607 0.376404
