27 0.380908 0.657774 0.0477861 0.219522 0.931291
10 0.706037 0.624405 0.0926628 0.191545 0.914914
15 0.63159 0.434912 0.034742 0.219707 0.907617
14 0.416765 0.659396 0.0441647 0.209214 0.903806
26 0.646983 0.655482 0.0435484 0.194763 0.901088
9 0.70281 0.412665 0.056329 0.204895 0.896387
21 0.745104 0.388739 0.0621449 0.18306 0.888851
0 0.444724 0.420723 0.0419853 0.232369 0.888758
22 0.748505 0.577291 0.0797775 0.181816 0.885226
25 0.661318 0.42707 0.0325217 0.206518 0.879582
11 0.322099 0.611497 0.111206 0.200653 0.873197
18 0.482295 0.657444 0.0259036 0.174391 0.865755
3 0.452256 0.661814 0.0341694 0.20105 0.862475
4 0.538612 0.441424 0.0325825 0.216485 0.859116
1 0.601312 0.433428 0.031941 0.232394 0.84668
13 0.611928 0.669944 0.0409195 0.208193 0.845899
2 0.580266 0.680107 0.0318426 0.212259 0.842887
7 0.504836 0.440517 0.0333246 0.214707 0.839082
16 0.571352 0.443833 0.028433 0.202745 0.834109
23 0.27041 0.573566 0.0853718 0.197817 0.802714
5 0.505078 0.662915 0.0238518 0.174835 0.800414
17 0.549438 0.660255 0.0239371 0.172957 0.796784
6 0.526936 0.65944 0.0222242 0.174428 0.787517
8 0.356179 0.390042 0.0634238 0.219728 0.768831
20 0.301434 0.384971 0.0636483 0.193599 0.67194
19 0.479043 0.435766 0.0309004 0.207299 0.657407
12 0.40784 0.421167 0.0492558 0.208549 0.624226
21 0.301793 0.384552 0.0642062 0.195463 0.512423
24 0.408152 0.420188 0.0475409 0.209326 0.469829
