11 0.276452 0.697385 0.108552 0.220086 0.959807
23 0.216737 0.642575 0.105263 0.20253 0.956475
22 0.77333 0.671883 0.0956532 0.197116 0.948529
31 0.157362 0.5927 0.0800604 0.137448 0.937716
30 0.822989 0.62575 0.0708416 0.132807 0.935556
26 0.657427 0.751085 0.0576212 0.22317 0.93121
10 0.711468 0.726824 0.0936668 0.216665 0.930602
20 0.256445 0.418892 0.0762639 0.206771 0.911209
14 0.389845 0.725602 0.0449944 0.221953 0.906348
27 0.343545 0.720614 0.0606251 0.219469 0.904767
5 0.489715 0.733974 0.0296444 0.208507 0.900365
2 0.57825 0.752343 0.0377421 0.234465 0.898292
8 0.308455 0.452366 0.0651431 0.204271 0.89825
21 0.743985 0.44934 0.0728586 0.184863 0.886752
9 0.698087 0.465471 0.0602024 0.216643 0.87582
3 0.429902 0.724096 0.0531647 0.21921 0.859554
24 0.357277 0.456912 0.0517673 0.223122 0.858945
18 0.464822 0.730338 0.0424613 0.205322 0.847149
17 0.542956 0.742631 0.032239 0.213017 0.837506
28 0.226018 0.338306 0.0789885 0.163353 0.836156
25 0.656003 0.47038 0.0448164 0.231091 0.83457
13 0.614857 0.74965 0.0449331 0.221632 0.834257
19 0.454503 0.477868 0.0455556 0.236498 0.809731
29 0.766932 0.379871 0.0727615 0.109933 0.807728
1 0.592233 0.469727 0.0413528 0.239579 0.801618
15 0.621631 0.471289 0.0446289 0.236377 0.799071
4 0.527124 0.487727 0.0430426 0.255378 0.79342
0 0.420224 0.459775 0.0489259 0.225312 0.787632
6 0.516063 0.738621 0.0293818 0.209795 0.776628
7 0.488868 0.487896 0.0456093 0.248646 0.775448
16 0.561191 0.480119 0.0411695 0.247357 0.750638
12 0.390582 0.462427 0.0482664 0.222558 0.589778
