30 0.766665 0.506965 0.102387 0.125851 0.962369
21 0.729167 0.351573 0.0514829 0.180778 0.956751
8 0.330026 0.340439 0.0830792 0.20864 0.929474
1 0.580147 0.383989 0.0362332 0.223747 0.908193
20 0.263765 0.347802 0.0634496 0.206688 0.90607
7 0.478748 0.408824 0.0470146 0.193497 0.880822
2 0.567908 0.607872 0.0435578 0.190573 0.869738
17 0.540193 0.602472 0.0309551 0.16698 0.836478
16 0.550581 0.405263 0.0355797 0.186973 0.83211
5 0.492865 0.599514 0.0272963 0.158011 0.830731
0 0.419935 0.380925 0.0501522 0.201585 0.819363
6 0.515958 0.601985 0.0263367 0.147468 0.818634
4 0.517346 0.411859 0.0414282 0.196456 0.783338
18 0.472752 0.598624 0.0293556 0.166921 0.777799
3 0.442981 0.597188 0.0401152 0.185732 0.77705
15 0.611249 0.397182 0.0345999 0.184494 0.774719
14 0.404792 0.591432 0.042158 0.172634 0.769489
5 0.488207 0.60027 0.0239122 0.161019 0.37368
25 0.611366 0.398559 0.0346359 0.180812 0.350608
