23 0.190718 0.509955 0.117358 0.191258 0.944639
27 0.312966 0.540937 0.0462992 0.200507 0.935019
14 0.356143 0.543431 0.0416013 0.21824 0.911031
23 0.769297 0.575951 0.122673 0.197233 0.840611
17 0.508611 0.555995 0.0283627 0.217111 0.83943
3 0.391108 0.538301 0.0367762 0.220085 0.767044
18 0.426177 0.536781 0.0319381 0.201087 0.713744
5 0.453928 0.524139 0.0283241 0.162107 0.630926
2 0.538193 0.576319 0.0340773 0.230746 0.598944
5 0.480422 0.525067 0.0252651 0.153604 0.598038
6 0.48103 0.523894 0.0258282 0.152606 0.589589
18 0.454591 0.526926 0.0280196 0.16488 0.402129
13 0.571934 0.579585 0.0348715 0.20664 0.39756
13 0.61131 0.588551 0.0447637 0.201267 0.288958
