20 0.190718 0.386321 0.0589558 0.182318 0.956207
16 0.554584 0.409835 0.0373688 0.239814 0.94907
8 0.251833 0.390186 0.0607223 0.214459 0.947522
15 0.631511 0.399284 0.0448491 0.228859 0.936948
21 0.766684 0.358719 0.0597462 0.184016 0.935513
22 0.763599 0.57293 0.0825161 0.201929 0.932465
11 0.262944 0.624907 0.0910665 0.201973 0.92477
23 0.19823 0.600479 0.0861507 0.201022 0.924088
30 0.825081 0.543867 0.0715944 0.176687 0.918112
9 0.716326 0.38109 0.057391 0.193727 0.913381
3 0.404901 0.662496 0.0402416 0.215389 0.913316
14 0.362093 0.658049 0.0447831 0.231472 0.90735
31 0.138444 0.5706 0.069675 0.180627 0.906032
0 0.38074 0.418399 0.0472771 0.240326 0.89935
28 0.155474 0.296979 0.0623541 0.174987 0.897712
17 0.535496 0.651781 0.0376005 0.182953 0.891541
10 0.70664 0.604544 0.0908689 0.201391 0.89134
18 0.44333 0.65502 0.0327386 0.178676 0.888282
26 0.651629 0.631515 0.0599936 0.207359 0.885735
7 0.46359 0.421785 0.0438026 0.234943 0.881614
2 0.578559 0.669525 0.0536592 0.23811 0.875435
13 0.61299 0.638147 0.0471248 0.208029 0.860937
12 0.337162 0.420334 0.0433178 0.221163 0.852033
1 0.594024 0.405605 0.0408097 0.248269 0.851492
25 0.66873 0.387669 0.0432217 0.226207 0.849777
5 0.471295 0.648409 0.0307856 0.167584 0.845781
27 0.322795 0.654465 0.0504356 0.233886 0.842771
19 0.422484 0.422402 0.0380705 0.222282 0.84227
4 0.511771 0.422398 0.0453644 0.230266 0.838551
24 0.3014 0.409051 0.0431599 0.211961 0.811215
6 0.505735 0.639344 0.0359875 0.148677 0.802961
29 0.801455 0.307933 0.0678212 0.157718 0.776866
