8 0.27453 0.355786 0.066442 0.205384 0.973193
20 0.220478 0.317506 0.0736731 0.227454 0.957922
11 0.281112 0.606513 0.105361 0.22365 0.956728
23 0.224051 0.569268 0.0831628 0.206023 0.948475
18 0.449598 0.639848 0.039777 0.182689 0.94189
10 0.715094 0.610237 0.101664 0.226603 0.935925
26 0.645615 0.630987 0.0574471 0.202083 0.930724
13 0.606666 0.655041 0.0495682 0.226593 0.930577
16 0.552714 0.399425 0.0358076 0.234971 0.930529
0 0.397942 0.374087 0.0394133 0.26981 0.927797
22 0.776871 0.569311 0.0927361 0.210195 0.927302
21 0.780323 0.332108 0.061104 0.209568 0.921188
5 0.474925 0.636459 0.0245848 0.175085 0.912797
3 0.403143 0.675741 0.0661691 0.221213 0.908176
7 0.472062 0.394879 0.0437311 0.270634 0.906119
30 0.852609 0.510769 0.0969259 0.136885 0.902894
24 0.325687 0.371683 0.0416884 0.202196 0.902008
31 0.154951 0.521627 0.0847746 0.140356 0.896724
14 0.373286 0.645914 0.0685657 0.214504 0.889972
9 0.71607 0.366969 0.0685045 0.201738 0.886907
17 0.529688 0.629207 0.0302111 0.167377 0.875409
25 0.668408 0.382375 0.0398731 0.21632 0.873555
27 0.341073 0.632952 0.065739 0.22536 0.868255
15 0.623775 0.390206 0.0448964 0.229108 0.858675
1 0.589277 0.393526 0.0410903 0.253697 0.856244
4 0.514103 0.404466 0.0398785 0.239855 0.849285
19 0.432161 0.39767 0.0354799 0.225687 0.833255
2 0.569667 0.65087 0.048716 0.204505 0.824971
6 0.502438 0.629275 0.030232 0.173766 0.819996
12 0.36287 0.367432 0.0421712 0.24036 0.819394
28 0.179441 0.231167 0.0627367 0.153903 0.669847
29 0.830112 0.249967 0.0615464 0.189259 0.611942
1 0.605387 0.385853 0.034137 0.238833 0.265448
