20 0.26758 0.376878 0.0546152 0.204885 0.942184
14 0.394679 0.641438 0.0386855 0.217214 0.896722
8 0.320663 0.403003 0.0555668 0.206474 0.881195
3 0.429491 0.635964 0.0399584 0.216505 0.863256
5 0.513118 0.625275 0.0279995 0.167233 0.859973
18 0.461932 0.632201 0.0298065 0.190227 0.829322
7 0.501287 0.405594 0.0479274 0.225375 0.826347
31 0.215182 0.524371 0.0903204 0.147719 0.822825
23 0.267223 0.590368 0.100121 0.172787 0.800991
24 0.36655 0.412353 0.0382383 0.210346 0.774081
13 0.610766 0.646397 0.0423102 0.217295 0.763904
27 0.309403 0.637785 0.0875086 0.183113 0.761647
28 0.221101 0.34444 0.0612457 0.18215 0.749711
0 0.427109 0.400847 0.03883 0.238752 0.723085
19 0.464942 0.39989 0.0352581 0.220844 0.70172
12 0.395555 0.408678 0.0341436 0.22229 0.665519
0 0.59979 0.393832 0.0402091 0.256836 0.645164
2 0.57183 0.646502 0.0377306 0.223974 0.619536
1 0.426578 0.400623 0.0384521 0.242905 0.595914
26 0.694574 0.65107 0.0679902 0.228817 0.568107
25 0.660982 0.417699 0.0372746 0.201939 0.541691
8 0.706375 0.408986 0.0526314 0.198191 0.537926
5 0.487932 0.624662 0.0242231 0.173569 0.523706
9 0.706558 0.408265 0.0528445 0.200342 0.522126
20 0.755312 0.374949 0.0534498 0.209683 0.521678
15 0.63056 0.421621 0.0338067 0.202647 0.513037
28 0.791484 0.351071 0.0576917 0.181557 0.50735
16 0.465095 0.401159 0.0364501 0.222577 0.47481
31 0.800722 0.52742 0.0855501 0.142451 0.469069
3 0.571937 0.643641 0.0373861 0.218598 0.466502
21 0.755537 0.37489 0.0529453 0.210166 0.442872
18 0.542578 0.626581 0.0305905 0.171224 0.40735
23 0.215052 0.524635 0.0905948 0.148487 0.402693
23 0.747302 0.59865 0.0890557 0.188585 0.388132
24 0.660844 0.417765 0.0377546 0.207572 0.37897
17 0.542813 0.62707 0.0300058 0.171385 0.347814
1 0.597611 0.394318 0.0361759 0.254984 0.319589
11 0.267545 0.589894 0.102352 0.175298 0.272646
10 0.747905 0.598622 0.0886288 0.18766 0.254406
15 0.393008 0.406616 0.0319823 0.224953 0.253015
