11 0.309266 0.656799 0.109029 0.22167 0.951057
8 0.725396 0.431393 0.0603176 0.212771 0.934148
23 0.785016 0.652676 0.106957 0.194544 0.926772
20 0.782234 0.420712 0.0527062 0.219923 0.911943
18 0.489609 0.678752 0.0307207 0.195083 0.907004
27 0.369117 0.676119 0.0756707 0.228654 0.90427
14 0.415083 0.688727 0.0462568 0.230776 0.896303
3 0.454899 0.688273 0.04094 0.228774 0.885159
20 0.28563 0.358324 0.0823995 0.213589 0.870364
0 0.627853 0.43138 0.040303 0.252263 0.859472
12 0.661433 0.439162 0.0372887 0.231649 0.84304
20 0.228975 0.379683 0.0621735 0.24131 0.832642
5 0.517393 0.67969 0.0306368 0.178646 0.830049
13 0.642573 0.69857 0.0406082 0.249845 0.827773
28 0.836648 0.417901 0.0604551 0.1761 0.811466
2 0.60531 0.70257 0.0402511 0.249091 0.791927
26 0.685064 0.71439 0.0464888 0.25241 0.774098
24 0.692969 0.42677 0.0339342 0.216558 0.765718
0 0.424807 0.406356 0.0502781 0.223424 0.758837
6 0.543455 0.68427 0.034101 0.177433 0.707766
7 0.4677 0.416478 0.0413506 0.243801 0.657102
7 0.511481 0.423028 0.0433191 0.248465 0.626145
17 0.572357 0.686426 0.0335776 0.181148 0.594665
12 0.379124 0.384724 0.0455489 0.219405 0.57325
19 0.425561 0.40575 0.0503497 0.224424 0.558067
0 0.378932 0.384297 0.0462423 0.220385 0.370601
5 0.542892 0.682745 0.0368503 0.180421 0.292438
19 0.467079 0.415782 0.0430844 0.248171 0.265713
