3 0.611157 0.620969 0.0533001 0.208644 0.931714
14 0.664211 0.628784 0.0551276 0.215369 0.925243
7 0.55501 0.36556 0.0472092 0.259905 0.89002
19 0.596646 0.371162 0.0465893 0.233709 0.884246
27 0.718416 0.627482 0.0667536 0.239766 0.876339
2 0.42002 0.644071 0.0618447 0.234278 0.86329
0 0.641574 0.349546 0.0496881 0.262359 0.852605
23 0.214698 0.573799 0.110742 0.20327 0.843079
20 0.24138 0.320086 0.0593046 0.226869 0.830057
17 0.46684 0.633757 0.042716 0.202792 0.822646
18 0.564042 0.621678 0.0459545 0.204647 0.812234
5 0.531529 0.601286 0.0411732 0.165043 0.807111
23 0.793709 0.604301 0.111124 0.228428 0.797417
12 0.684198 0.341488 0.0534369 0.24106 0.768799
4 0.51071 0.365068 0.0419231 0.262089 0.737252
31 0.148256 0.549553 0.0894065 0.166667 0.726379
20 0.790536 0.313625 0.0748816 0.24113 0.724337
6 0.500675 0.603979 0.0352337 0.162024 0.722826
24 0.34667 0.347916 0.0453566 0.242387 0.693509
23 0.866827 0.543412 0.116135 0.186899 0.674471
8 0.295949 0.361366 0.0568624 0.207732 0.643953
13 0.379154 0.646414 0.0567803 0.232876 0.623157
12 0.390113 0.353304 0.0437331 0.230291 0.574682
24 0.72957 0.314506 0.0429386 0.201811 0.569012
0 0.430512 0.358998 0.0443532 0.250796 0.56329
7 0.510174 0.376012 0.0413452 0.244761 0.554696
14 0.379444 0.646831 0.0550313 0.231899 0.514383
11 0.793874 0.603347 0.111537 0.228011 0.496221
20 0.846881 0.31091 0.0569248 0.223629 0.484689
19 0.468791 0.364177 0.0389533 0.245689 0.469505
31 0.866157 0.543653 0.116987 0.187978 0.464384
16 0.469704 0.3707 0.0391648 0.232731 0.252841
