11 0.229942 0.671358 0.0935226 0.219552 0.956932
20 0.154983 0.383497 0.0857177 0.26613 0.949619
16 0.576533 0.440158 0.0441939 0.253007 0.946703
26 0.68317 0.701895 0.0626007 0.2364 0.944904
13 0.628743 0.708155 0.0439657 0.228364 0.943053
23 0.152887 0.648176 0.0816704 0.222114 0.937769
8 0.214887 0.414418 0.0721272 0.252447 0.936825
31 0.0815094 0.63835 0.0842044 0.146397 0.936459
27 0.301448 0.693517 0.0503636 0.232863 0.933359
22 0.811726 0.64394 0.0782825 0.209893 0.932991
21 0.815852 0.402327 0.0733526 0.220011 0.927253
30 0.88327 0.654778 0.0844414 0.155896 0.912731
25 0.70622 0.425869 0.0425192 0.254872 0.911955
18 0.441765 0.70104 0.0410377 0.216205 0.911937
14 0.350662 0.694041 0.0495433 0.221582 0.911279
5 0.477942 0.696953 0.0307807 0.206532 0.909822
3 0.395071 0.706884 0.04555 0.239206 0.908423
0 0.371704 0.412398 0.0491882 0.306901 0.904103
15 0.662314 0.448711 0.0456644 0.232431 0.903001
10 0.741152 0.674981 0.0844821 0.226525 0.893508
29 0.837696 0.288797 0.0547562 0.138503 0.874365
7 0.472418 0.448915 0.0544386 0.233135 0.872257
12 0.324175 0.427941 0.0551159 0.251596 0.869057
19 0.420498 0.450768 0.046137 0.21915 0.867278
28 0.130079 0.29031 0.0634229 0.128247 0.866675
6 0.512961 0.689617 0.0354619 0.188591 0.862778
2 0.587133 0.717028 0.0479169 0.242106 0.857328
1 0.621221 0.449836 0.0428752 0.257573 0.85162
4 0.526069 0.439136 0.0511591 0.261628 0.842221
9 0.758932 0.423029 0.0659147 0.239554 0.842039
24 0.279091 0.417823 0.0566467 0.255566 0.830364
17 0.54422 0.689896 0.0313787 0.180436 0.789737
