8 0.298242 0.403737 0.062037 0.214758 0.967255
11 0.293593 0.637255 0.0909536 0.215957 0.941488
23 0.230111 0.603504 0.0915615 0.19693 0.93974
20 0.23734 0.392427 0.0619245 0.208951 0.9198
27 0.645328 0.66024 0.0477581 0.191443 0.917907
18 0.457434 0.653212 0.0276392 0.20469 0.910786
0 0.428906 0.416265 0.0409863 0.240996 0.903977
11 0.707733 0.653294 0.0907256 0.208333 0.903632
31 0.157473 0.590815 0.0882648 0.139878 0.894247
12 0.392322 0.418693 0.0463525 0.220141 0.881953
14 0.392696 0.655621 0.0373991 0.210823 0.876401
14 0.601617 0.664983 0.0411613 0.213453 0.87509
3 0.426865 0.655855 0.0330359 0.211826 0.873436
27 0.352223 0.649611 0.0477317 0.213091 0.87173
19 0.462929 0.408809 0.0319935 0.225238 0.870397
24 0.350104 0.418012 0.0417186 0.205257 0.860742
28 0.187916 0.380956 0.0593686 0.17847 0.860586
7 0.497718 0.417081 0.0387739 0.213426 0.856892
20 0.777841 0.409562 0.0560944 0.207391 0.8381
3 0.568875 0.672988 0.0327592 0.233627 0.822199
5 0.510924 0.643418 0.0260921 0.183987 0.814752
31 0.826305 0.589676 0.0688515 0.166186 0.76559
4 0.538443 0.428509 0.0398981 0.211564 0.758532
18 0.537533 0.6528 0.0281526 0.201678 0.755596
23 0.772715 0.627136 0.0944823 0.199907 0.749775
8 0.720226 0.420289 0.0615265 0.219862 0.703538
5 0.485648 0.644633 0.0269833 0.186559 0.681471
16 0.574543 0.424689 0.0310982 0.23117 0.537789
28 0.821281 0.390858 0.0597774 0.174179 0.506584
0 0.605684 0.424773 0.0362337 0.253221 0.441877
12 0.639703 0.438023 0.0427773 0.223347 0.438264
24 0.674786 0.44088 0.0382341 0.208324 0.424395
15 0.640526 0.435905 0.0423458 0.220027 0.348163
19 0.574206 0.426786 0.0320101 0.226846 0.262796
1 0.606584 0.421415 0.0361157 0.262272 0.26016
