22 0.78953 0.669233 0.0964481 0.198155 0.958288
23 0.233478 0.63744 0.107981 0.200521 0.955701
31 0.17392 0.588163 0.0800129 0.136627 0.940281
14 0.404876 0.721476 0.0440593 0.220074 0.938492
11 0.29268 0.693029 0.110658 0.217459 0.934856
10 0.727424 0.722435 0.096317 0.217688 0.930141
26 0.673054 0.747044 0.0588077 0.226107 0.916682
20 0.272285 0.415319 0.0757554 0.204814 0.910975
27 0.358646 0.718274 0.0591599 0.218269 0.90966
8 0.324659 0.447519 0.0646298 0.205917 0.907384
21 0.76315 0.447548 0.0689962 0.181065 0.903186
30 0.842144 0.621574 0.0709352 0.134168 0.895517
13 0.631579 0.747859 0.0461975 0.222442 0.891067
9 0.714405 0.462473 0.0601694 0.215428 0.885182
19 0.470098 0.474091 0.0434649 0.234678 0.88154
2 0.594651 0.749124 0.0391885 0.233241 0.880027
25 0.672599 0.464018 0.0438692 0.234455 0.87198
18 0.481588 0.726844 0.0433855 0.204347 0.870458
0 0.436473 0.45313 0.0499667 0.235685 0.85922
17 0.559057 0.738894 0.0317544 0.21279 0.858399
7 0.504763 0.485165 0.0441132 0.238438 0.856072
4 0.543367 0.484846 0.0452513 0.249797 0.855171
6 0.532105 0.735227 0.0302091 0.210599 0.846135
5 0.506375 0.731714 0.0286436 0.20993 0.844811
29 0.783942 0.368765 0.0721685 0.12192 0.841571
15 0.637714 0.467984 0.0455358 0.232162 0.836014
24 0.372249 0.451312 0.0507998 0.227792 0.828553
3 0.445443 0.719004 0.0511782 0.214584 0.824146
16 0.576731 0.475247 0.0393343 0.250754 0.821342
28 0.240796 0.334115 0.0792388 0.16098 0.81754
1 0.606749 0.462019 0.0395552 0.24608 0.758158
12 0.404159 0.454561 0.0449306 0.231238 0.672665
