31 0.194957 0.661367 0.0801014 0.146407 0.953885
17 0.550575 0.697878 0.0310484 0.219039 0.921912
3 0.439629 0.777091 0.053224 0.166559 0.92102
2 0.587739 0.808922 0.0475715 0.203444 0.909792
23 0.273691 0.664137 0.113851 0.222834 0.876697
30 0.785741 0.662682 0.0697399 0.131637 0.864745
4 0.534361 0.448235 0.0483805 0.243329 0.83599
19 0.455449 0.433212 0.0546003 0.224567 0.830981
11 0.346003 0.650638 0.0778669 0.144733 0.823958
28 0.232289 0.348527 0.0749181 0.140583 0.823117
21 0.727382 0.451768 0.0680092 0.187894 0.803309
7 0.489745 0.442854 0.0480674 0.243492 0.800151
24 0.338906 0.377046 0.0525109 0.11452 0.775656
22 0.721286 0.67145 0.0922119 0.227394 0.767343
6 0.525229 0.700859 0.0282568 0.210839 0.751365
1 0.6123 0.349616 0.0497875 0.174811 0.750312
20 0.270076 0.438514 0.0766363 0.2003 0.747112
5 0.500136 0.699289 0.0334036 0.205241 0.744059
27 0.399663 0.645249 0.0541939 0.12061 0.716793
26 0.613771 0.65639 0.0454014 0.10864 0.710467
13 0.622822 0.767665 0.0467091 0.138869 0.688687
28 0.759822 0.359867 0.0629724 0.139737 0.659389
10 0.661548 0.650994 0.0632344 0.124512 0.655454
12 0.389313 0.40123 0.0659959 0.118241 0.632405
14 0.435802 0.6462 0.035853 0.113139 0.596754
13 0.580877 0.651711 0.0299228 0.116563 0.585575
16 0.573055 0.466541 0.0359053 0.214598 0.581148
0 0.417176 0.29152 0.0669285 0.174851 0.540161
9 0.677518 0.469253 0.0478706 0.194523 0.535488
19 0.417227 0.292608 0.066148 0.17758 0.532301
18 0.472934 0.681576 0.0355003 0.194681 0.488042
8 0.271168 0.438252 0.0782426 0.199659 0.405951
27 0.388484 0.752426 0.0569553 0.117494 0.353868
15 0.642692 0.418451 0.0579927 0.132479 0.350648
8 0.33279 0.494707 0.0591611 0.119357 0.337456
14 0.388578 0.762549 0.0555901 0.138135 0.336353
19 0.572779 0.463076 0.0359993 0.224233 0.314017
6 0.535135 0.697284 0.0414572 0.214544 0.264497
12 0.338734 0.377664 0.0526047 0.110271 0.252962
