8 0.278632 0.479897 0.0667476 0.189516 0.969238
20 0.22547 0.442198 0.0695453 0.166595 0.962109
11 0.271919 0.689195 0.0997764 0.203908 0.953997
23 0.21421 0.648146 0.07763 0.178886 0.948962
31 0.159536 0.59874 0.0572526 0.126034 0.942806
27 0.329552 0.716564 0.0572601 0.191405 0.940611
28 0.205473 0.348329 0.0616208 0.106026 0.937417
14 0.375228 0.720786 0.0406232 0.194174 0.932696
4 0.51603 0.505127 0.0366833 0.2184 0.932278
9 0.707607 0.478686 0.0649528 0.186933 0.915608
7 0.477467 0.501868 0.0373412 0.228772 0.914802
21 0.765802 0.445368 0.0675599 0.177906 0.914249
22 0.759981 0.640604 0.0968775 0.182996 0.907598
29 0.789784 0.358778 0.0603766 0.118773 0.901169
3 0.410454 0.725158 0.0365414 0.190228 0.89844
1 0.586705 0.490869 0.0415554 0.234571 0.88493
18 0.441596 0.718981 0.0260096 0.155888 0.882666
30 0.825803 0.610021 0.0731874 0.131242 0.878294
19 0.443906 0.501098 0.0334896 0.203303 0.876942
0 0.406642 0.48457 0.0403093 0.246357 0.870597
24 0.331759 0.491704 0.0441317 0.193428 0.869857
15 0.623919 0.492502 0.0421558 0.226161 0.869762
26 0.633772 0.718637 0.0595703 0.192171 0.862882
10 0.694055 0.691789 0.112421 0.209688 0.858313
13 0.585473 0.716432 0.0446413 0.173161 0.841948
25 0.658536 0.493469 0.0424465 0.199015 0.840204
16 0.549574 0.50034 0.0307815 0.205986 0.829132
12 0.371498 0.489422 0.0455649 0.220548 0.820916
2 0.546891 0.720383 0.0351379 0.177637 0.77584
5 0.46684 0.719327 0.0236301 0.149412 0.662431
17 0.516202 0.715083 0.0299664 0.150547 0.605964
6 0.492266 0.717535 0.0250203 0.150108 0.474919
5 0.491988 0.717293 0.0258745 0.150348 0.282041
