11 0.362699 0.70268 0.0776679 0.121323 0.929863
0 0.415535 0.366245 0.0534852 0.221579 0.92125
2 0.598845 0.830482 0.0588848 0.21292 0.912294
31 0.175428 0.672093 0.0606251 0.126387 0.905555
17 0.561495 0.730297 0.0288627 0.186502 0.8947
3 0.445567 0.83527 0.05285 0.223231 0.88909
7 0.500086 0.488517 0.0409159 0.234065 0.884843
4 0.543789 0.492144 0.0459577 0.237965 0.877389
23 0.220976 0.7552 0.0799364 0.171449 0.873252
16 0.579658 0.495352 0.0357092 0.214606 0.872115
18 0.474484 0.720919 0.0332434 0.181794 0.862933
21 0.786229 0.454489 0.0611269 0.157491 0.854877
28 0.220917 0.391617 0.0702279 0.111886 0.852153
20 0.25901 0.455651 0.0683379 0.154348 0.84192
13 0.64677 0.840453 0.0484254 0.160561 0.821734
8 0.304727 0.509669 0.0661718 0.195714 0.815761
6 0.531778 0.724579 0.0283785 0.183951 0.797215
12 0.399334 0.492615 0.056554 0.108619 0.785176
5 0.502181 0.720914 0.0286812 0.18721 0.781192
9 0.741618 0.502644 0.0584581 0.215261 0.77803
10 0.678482 0.710205 0.0687673 0.1187 0.743478
24 0.354267 0.412185 0.054001 0.145607 0.717928
19 0.459694 0.488879 0.0393944 0.229408 0.716264
23 0.741834 0.754891 0.0790882 0.229097 0.677235
15 0.645809 0.550766 0.0468569 0.141794 0.670164
14 0.390031 0.845306 0.0524069 0.182575 0.651448
30 0.852207 0.670803 0.0612188 0.127335 0.639892
26 0.698583 0.843594 0.0481564 0.159216 0.627419
23 0.292753 0.750644 0.0913666 0.232673 0.621789
29 0.818082 0.392517 0.0641787 0.109259 0.585585
21 0.742413 0.504079 0.0577205 0.21014 0.584546
11 0.341184 0.828602 0.0537221 0.164574 0.576318
15 0.677696 0.39576 0.0572531 0.175511 0.472378
25 0.677481 0.396561 0.057555 0.172651 0.463647
11 0.292919 0.750055 0.0903973 0.233091 0.445966
28 0.818147 0.391934 0.0630487 0.10885 0.428992
8 0.364702 0.548652 0.0579884 0.128239 0.411532
1 0.620756 0.405007 0.0512566 0.23953 0.409398
27 0.340463 0.828182 0.0533318 0.162946 0.406639
22 0.740317 0.754331 0.0757401 0.227412 0.381377
31 0.8527 0.670673 0.0609198 0.126602 0.37769
3 0.441432 0.687537 0.0341106 0.103668 0.357112
2 0.56098 0.730833 0.0290394 0.1883 0.317433
12 0.354602 0.409566 0.0549303 0.150738 0.305941
