7 0.476341 0.480971 0.032983 0.201215 0.858986
31 0.264624 0.615134 0.0528728 0.137761 0.856791
0 0.423664 0.473463 0.0292101 0.213404 0.839566
20 0.301007 0.461839 0.0411186 0.164444 0.830855
23 0.306529 0.643094 0.0666335 0.177196 0.83037
8 0.34156 0.467686 0.0446607 0.182364 0.8246
27 0.398022 0.675248 0.03072 0.194637 0.791809
4 0.506856 0.480424 0.0334244 0.198182 0.786569
28 0.262835 0.452964 0.0419829 0.150059 0.75412
11 0.358516 0.666594 0.0587273 0.196733 0.75008
19 0.447736 0.478748 0.0269627 0.203916 0.724044
12 0.40163 0.472856 0.0330332 0.209576 0.707254
14 0.42485 0.673974 0.0272921 0.170068 0.700412
25 0.611085 0.467714 0.0305915 0.177929 0.68755
31 0.736473 0.611615 0.0564531 0.132553 0.664629
1 0.557855 0.461708 0.0274986 0.209094 0.652079
5 0.492217 0.667585 0.0183294 0.146754 0.627129
29 0.724869 0.450539 0.0435654 0.149051 0.61017
16 0.532548 0.472138 0.0268885 0.191815 0.603684
18 0.4718 0.674504 0.0222559 0.164932 0.5821
15 0.584444 0.468953 0.0309238 0.186127 0.578227
11 0.638567 0.659488 0.0541737 0.190623 0.577429
14 0.572628 0.669202 0.0255111 0.192197 0.559207
24 0.375825 0.472771 0.0319634 0.185712 0.517836
9 0.64518 0.468919 0.0456329 0.171996 0.476548
23 0.692347 0.641419 0.064673 0.15825 0.464896
21 0.687595 0.477816 0.0394819 0.169971 0.45081
27 0.600907 0.671593 0.029982 0.205453 0.37385
30 0.737064 0.611525 0.0566636 0.132847 0.366209
17 0.52902 0.67237 0.0200021 0.170865 0.353251
3 0.450035 0.677145 0.0262434 0.176923 0.341213
22 0.692244 0.643147 0.0642995 0.158414 0.25433
