8 0.319292 0.438348 0.0521071 0.185221 0.914083
31 0.213851 0.591596 0.101085 0.153228 0.913271
20 0.273381 0.429591 0.0472618 0.175451 0.899146
0 0.41447 0.444584 0.0381966 0.227123 0.874292
11 0.334064 0.645897 0.0628357 0.201628 0.862187
28 0.229253 0.413775 0.051533 0.165557 0.852065
23 0.2818 0.631892 0.0688394 0.20215 0.82857
7 0.478268 0.450264 0.0435667 0.210968 0.828535
13 0.595018 0.650479 0.0409405 0.171199 0.817357
19 0.446769 0.453427 0.0379017 0.212417 0.802356
12 0.387686 0.442558 0.0363491 0.201232 0.787158
16 0.551814 0.452806 0.0330738 0.205428 0.771338
24 0.356761 0.438003 0.0328393 0.193375 0.763005
5 0.48629 0.643036 0.0276863 0.140585 0.719209
2 0.568328 0.651848 0.0510831 0.191288 0.708866
4 0.519096 0.450956 0.0383333 0.207558 0.695313
17 0.535876 0.635203 0.0370644 0.136907 0.683674
1 0.5817 0.43836 0.0323778 0.221628 0.68089
15 0.608374 0.430657 0.03462 0.204637 0.675852
27 0.375632 0.649844 0.0449936 0.194944 0.675485
25 0.633101 0.425535 0.0362085 0.189609 0.674017
6 0.511522 0.637359 0.0342463 0.129668 0.672592
20 0.716433 0.411195 0.0415787 0.177349 0.613203
14 0.377117 0.64951 0.0407167 0.194817 0.581336
26 0.62097 0.642086 0.0430461 0.183718 0.551702
31 0.764976 0.573701 0.0811028 0.126085 0.530105
9 0.671672 0.421259 0.0484703 0.182679 0.482936
10 0.659318 0.62724 0.0585136 0.189644 0.482138
3 0.432553 0.664698 0.0339824 0.193233 0.456079
29 0.759064 0.403842 0.0532019 0.172099 0.432298
5 0.461948 0.637649 0.0304823 0.131154 0.36087
14 0.401562 0.656734 0.0353259 0.180881 0.344339
22 0.707469 0.615835 0.0571787 0.185682 0.33634
18 0.432014 0.666059 0.035013 0.190204 0.328195
28 0.759207 0.405215 0.0517904 0.167309 0.277521
3 0.400923 0.654405 0.034259 0.187001 0.26872
8 0.672262 0.422448 0.0481398 0.180756 0.256847
