30 0.686292 0.59193 0.0649076 0.175095 0.883898
4 0.50683 0.433514 0.0283566 0.166807 0.859792
0 0.43125 0.435656 0.0309124 0.169208 0.857011
22 0.653496 0.623783 0.0566957 0.176962 0.850785
13 0.559034 0.631606 0.0254854 0.189739 0.84865
27 0.420111 0.635342 0.0296621 0.182021 0.837174
16 0.530549 0.432675 0.0273031 0.168217 0.826496
14 0.440648 0.629455 0.0252878 0.176719 0.824825
12 0.409652 0.434548 0.0323339 0.167999 0.824403
11 0.389331 0.629514 0.0469892 0.171245 0.814196
10 0.61502 0.646374 0.055191 0.197238 0.780775
7 0.482585 0.433958 0.029363 0.16538 0.769446
1 0.555237 0.441554 0.0289228 0.16703 0.735082
24 0.38429 0.435704 0.0378309 0.166103 0.729643
20 0.329323 0.454753 0.0515837 0.140786 0.726528
26 0.582538 0.645039 0.03417 0.19857 0.69799
19 0.460208 0.432245 0.0253317 0.170356 0.684394
31 0.315809 0.607624 0.0530476 0.18068 0.683385
2 0.538988 0.627145 0.0243425 0.188575 0.676283
17 0.523121 0.609705 0.0207212 0.155589 0.657889
15 0.578103 0.449842 0.0323036 0.157149 0.598392
5 0.493276 0.604552 0.0168848 0.149183 0.541588
6 0.507977 0.604059 0.0163724 0.149368 0.534103
25 0.598531 0.452354 0.0270636 0.151548 0.529449
23 0.35427 0.626173 0.0503692 0.17591 0.480126
6 0.493084 0.608046 0.0171474 0.158089 0.39451
3 0.46055 0.629341 0.0247072 0.182858 0.382931
11 0.355172 0.626551 0.0476036 0.180255 0.322713
18 0.478029 0.605005 0.0179584 0.146154 0.258734
