30 0.723078 0.662886 0.074212 0.147569 0.907965
27 0.407903 0.686073 0.0349677 0.172324 0.906688
11 0.367929 0.686047 0.057989 0.172905 0.904695
8 0.366437 0.506933 0.0489531 0.16049 0.899566
9 0.646995 0.528039 0.0428276 0.169555 0.854188
12 0.425769 0.501681 0.0318117 0.159163 0.835162
16 0.547201 0.50095 0.0247535 0.17081 0.816208
7 0.495684 0.501774 0.0283154 0.169128 0.816109
28 0.290308 0.513148 0.0496158 0.155185 0.809786
25 0.614742 0.518579 0.0296599 0.158098 0.803465
24 0.4027 0.501404 0.036133 0.162152 0.80016
18 0.475101 0.680453 0.0219021 0.142032 0.794757
15 0.591369 0.513723 0.029712 0.160893 0.789941
0 0.448094 0.495094 0.0291979 0.170133 0.789044
21 0.684505 0.526973 0.035675 0.15458 0.787594
19 0.470401 0.496842 0.0256355 0.167157 0.782462
4 0.524195 0.501996 0.0294903 0.167581 0.777509
29 0.715876 0.52347 0.0395212 0.141265 0.736276
1 0.571121 0.505472 0.0282462 0.173443 0.720284
3 0.455713 0.693688 0.0229329 0.172797 0.703687
20 0.32542 0.522741 0.042317 0.166366 0.678303
5 0.492605 0.682864 0.0197004 0.137267 0.662194
14 0.432652 0.689204 0.0283991 0.172847 0.641999
6 0.508734 0.686457 0.0173462 0.142268 0.455852
2 0.571503 0.703621 0.0242388 0.174427 0.418949
26 0.597794 0.706717 0.0302528 0.174555 0.412541
13 0.57165 0.701242 0.0258359 0.173033 0.334626
17 0.526644 0.6822 0.0195148 0.130406 0.302381
13 0.597731 0.706072 0.0297144 0.174619 0.269413
