11 0.630014 0.559017 0.0581915 0.186283 0.857289
27 0.592537 0.569129 0.0356733 0.207384 0.839307
1 0.425409 0.365538 0.0365807 0.235355 0.83423
14 0.569016 0.572489 0.0287777 0.199972 0.788705
8 0.651865 0.374253 0.0481218 0.17952 0.783614
5 0.505428 0.558511 0.0209539 0.147838 0.778741
3 0.546122 0.575028 0.0226381 0.185924 0.772709
23 0.684553 0.545567 0.0758789 0.185146 0.768787
16 0.451188 0.366758 0.0309916 0.220637 0.758811
18 0.525542 0.558711 0.0231495 0.157284 0.743613
7 0.511466 0.360584 0.0330421 0.222187 0.738292
13 0.420227 0.577077 0.0291512 0.193767 0.727098
4 0.479292 0.360421 0.0355266 0.217522 0.722067
16 0.539885 0.365491 0.0295366 0.21536 0.717909
6 0.486198 0.558642 0.0224713 0.148774 0.717452
25 0.372474 0.373243 0.0363349 0.201636 0.716119
20 0.690953 0.370353 0.0480883 0.166792 0.684517
17 0.465947 0.564898 0.0252342 0.164901 0.659454
15 0.588402 0.371175 0.0335022 0.194012 0.64169
1 0.564014 0.3665 0.0302477 0.207973 0.625737
24 0.615239 0.372008 0.039464 0.190618 0.611243
2 0.443203 0.582736 0.0238304 0.192393 0.608378
23 0.305972 0.569082 0.068459 0.184263 0.594462
31 0.25612 0.527512 0.0759053 0.177438 0.577965
28 0.263842 0.374215 0.0455155 0.155609 0.577483
15 0.400154 0.370442 0.0367396 0.213575 0.558501
20 0.299284 0.384642 0.0453677 0.188926 0.550904
0 0.564987 0.367179 0.0320017 0.208954 0.547116
26 0.395507 0.572813 0.0343131 0.194804 0.537495
19 0.538943 0.366424 0.0307371 0.21462 0.53136
25 0.616185 0.371527 0.0377325 0.193043 0.52466
10 0.360865 0.569901 0.0523127 0.184657 0.394888
22 0.305207 0.570322 0.0690791 0.184147 0.39002
31 0.731669 0.499173 0.0754809 0.168023 0.38015
30 0.731422 0.499034 0.0760666 0.166728 0.350152
29 0.727444 0.359798 0.0457131 0.135088 0.30766
9 0.339552 0.384625 0.0480204 0.196766 0.293932
8 0.339367 0.382039 0.0463655 0.201255 0.286729
28 0.728089 0.360448 0.04484 0.13711 0.25279
