8 0.346296 0.497942 0.0545213 0.152274 0.910649
22 0.704902 0.658368 0.058362 0.155097 0.880984
9 0.664946 0.500223 0.0420269 0.152046 0.878271
20 0.31006 0.495821 0.0378117 0.145369 0.860264
7 0.490193 0.479563 0.0370382 0.17305 0.850765
10 0.658199 0.685654 0.0536913 0.175308 0.839731
0 0.432929 0.484942 0.0326933 0.182133 0.833349
30 0.750185 0.629771 0.0586218 0.151637 0.831611
16 0.555975 0.484939 0.031283 0.176762 0.817199
1 0.583398 0.493178 0.0300987 0.181244 0.814779
24 0.383524 0.495541 0.0324456 0.162062 0.812203
23 0.304538 0.665966 0.0629886 0.167013 0.812194
12 0.408827 0.491832 0.0332699 0.173379 0.812177
25 0.631452 0.502084 0.0311342 0.170716 0.810896
19 0.457091 0.475944 0.0357947 0.171034 0.806818
11 0.355397 0.681067 0.0568044 0.172148 0.787448
28 0.273579 0.491204 0.0394708 0.131488 0.783198
27 0.393976 0.689641 0.0328599 0.172719 0.779999
13 0.594267 0.702521 0.0275169 0.18015 0.737437
4 0.524666 0.487044 0.033746 0.169742 0.73606
15 0.608642 0.501768 0.0274446 0.171504 0.72481
26 0.62154 0.698355 0.0281692 0.174605 0.692688
21 0.70426 0.488924 0.0385363 0.146649 0.680019
17 0.539995 0.678827 0.0264685 0.154788 0.631629
2 0.567116 0.69884 0.0224857 0.186935 0.611129
3 0.446705 0.703901 0.0271118 0.188437 0.555219
14 0.42149 0.695512 0.0289598 0.180585 0.524312
6 0.516041 0.673721 0.0234915 0.138918 0.51877
29 0.731866 0.429884 0.0453407 0.114846 0.510449
18 0.470162 0.688111 0.02738 0.176461 0.480805
5 0.49353 0.677993 0.0251627 0.1542 0.407988
5 0.516866 0.673495 0.0222846 0.136984 0.283638
