0 0.445785 0.430586 0.0243693 0.205093 0.837721
8 0.380044 0.413816 0.0416975 0.176563 0.834847
10 0.601944 0.647261 0.0553562 0.190881 0.830939
12 0.428793 0.42843 0.0262215 0.187081 0.826957
11 0.392392 0.637624 0.0557653 0.197146 0.808476
24 0.409934 0.422603 0.0267092 0.186896 0.791375
23 0.35065 0.612092 0.0627294 0.181394 0.733193
22 0.638343 0.620235 0.0546656 0.176167 0.726423
30 0.699535 0.595939 0.083345 0.157705 0.719642
31 0.296182 0.584372 0.0741374 0.155322 0.683411
9 0.611078 0.43175 0.0432678 0.163317 0.670783
7 0.487329 0.436742 0.025106 0.207948 0.66553
29 0.657771 0.341316 0.0467039 0.151948 0.665494
19 0.467134 0.431892 0.0236153 0.211642 0.610902
27 0.423357 0.646795 0.0271278 0.185745 0.604413
20 0.344764 0.407678 0.0378333 0.159784 0.586919
21 0.642488 0.429983 0.0470018 0.145474 0.576619
14 0.443823 0.650987 0.0221203 0.185509 0.57656
26 0.572948 0.659621 0.0274459 0.192247 0.575619
28 0.32724 0.348989 0.0426548 0.117722 0.564373
5 0.492635 0.649263 0.0137674 0.158402 0.548895
3 0.463289 0.658449 0.0202682 0.190993 0.48978
13 0.553477 0.665579 0.0208309 0.186136 0.462248
4 0.510472 0.438385 0.0215506 0.208801 0.451767
16 0.530123 0.449026 0.0168501 0.196426 0.412791
1 0.553591 0.439044 0.0231231 0.214438 0.365994
2 0.534688 0.662347 0.0173446 0.175268 0.364201
16 0.549832 0.437637 0.0235231 0.219005 0.352779
13 0.443857 0.649053 0.0226604 0.185168 0.337918
17 0.533623 0.66155 0.0165103 0.173141 0.326301
17 0.479835 0.653267 0.0149115 0.16815 0.321286
6 0.516629 0.650371 0.0152884 0.149705 0.318325
7 0.510285 0.440628 0.0230518 0.21074 0.311131
15 0.569736 0.443954 0.0218258 0.190176 0.308056
1 0.561049 0.438629 0.0192104 0.209746 0.284553
13 0.557239 0.664528 0.0201754 0.183272 0.282548
1 0.5574 0.439531 0.0213377 0.210548 0.279847
6 0.504387 0.649468 0.0138008 0.148492 0.268583
18 0.479666 0.650663 0.0152404 0.169688 0.257806
