20 0.736991 0.521556 0.0600187 0.19054 0.948551
27 0.639805 0.680288 0.0455299 0.179451 0.946692
0 0.586127 0.443086 0.0422641 0.234381 0.942764
14 0.595487 0.677685 0.041309 0.199057 0.930942
26 0.334365 0.673321 0.0491751 0.192048 0.929208
3 0.555154 0.684029 0.0408535 0.221984 0.909207
0 0.400391 0.441566 0.0406429 0.204881 0.90531
24 0.339212 0.445111 0.0470086 0.170211 0.901724
7 0.471469 0.459424 0.0409302 0.194573 0.888184
13 0.37032 0.675309 0.0457355 0.189291 0.881905
6 0.468436 0.663315 0.0298563 0.165732 0.869474
8 0.68419 0.480209 0.0735269 0.194469 0.86602
19 0.547378 0.454406 0.0404564 0.203152 0.854523
18 0.522216 0.665531 0.03632 0.190159 0.853205
8 0.291525 0.457822 0.062379 0.183537 0.827458
7 0.512146 0.455652 0.0432412 0.191502 0.820855
17 0.441303 0.666358 0.0311125 0.176749 0.810721
5 0.495435 0.665268 0.0291176 0.174647 0.807243
2 0.407823 0.69168 0.0344627 0.224647 0.792232
28 0.7874 0.508193 0.0497973 0.17649 0.785134
12 0.629029 0.466436 0.0552313 0.180111 0.776852
19 0.436041 0.456294 0.0347099 0.194581 0.765497
20 0.233414 0.466662 0.0587777 0.195147 0.7455
30 0.19489 0.631237 0.0930677 0.142404 0.665882
31 0.194852 0.631387 0.0934374 0.143142 0.659161
21 0.23312 0.466445 0.0590398 0.196929 0.52584
24 0.629349 0.466313 0.0558302 0.17958 0.336912
