28 0.223745 0.253624 0.0649992 0.1768 0.935602
17 0.485226 0.663142 0.0292567 0.207457 0.881579
30 0.863044 0.542817 0.082062 0.189187 0.879288
7 0.548281 0.405456 0.0421782 0.253218 0.871639
7 0.49758 0.399738 0.0409075 0.264503 0.863281
6 0.512372 0.656342 0.0261518 0.195688 0.860934
3 0.60579 0.672409 0.0414112 0.25249 0.83958
2 0.449712 0.672781 0.0395323 0.241445 0.839124
8 0.299223 0.367202 0.0623034 0.224341 0.832193
22 0.79869 0.587847 0.0800604 0.214524 0.807771
9 0.748714 0.372357 0.0564529 0.207785 0.80048
19 0.457363 0.389635 0.0420218 0.267104 0.790651
29 0.833129 0.256054 0.0539024 0.15835 0.779401
13 0.409397 0.654417 0.045752 0.225277 0.779039
23 0.239917 0.58635 0.0904717 0.213953 0.775155
19 0.587161 0.400573 0.0380987 0.245734 0.770984
5 0.539808 0.651712 0.0261967 0.181462 0.764622
21 0.803629 0.357388 0.0575474 0.203166 0.73585
30 0.177358 0.528201 0.0801391 0.174047 0.730708
15 0.664494 0.373023 0.0444437 0.269939 0.720952
0 0.626083 0.37317 0.0406916 0.309923 0.719464
0 0.416019 0.369638 0.0418875 0.305862 0.712134
14 0.64249 0.648806 0.043508 0.222625 0.709345
18 0.568413 0.6541 0.030789 0.195104 0.692332
26 0.362577 0.652336 0.0579893 0.22426 0.643926
27 0.684146 0.635444 0.0539549 0.228152 0.6394
25 0.701136 0.366504 0.0390637 0.23769 0.624533
24 0.344767 0.365529 0.0429095 0.24102 0.608724
11 0.298282 0.632789 0.0961275 0.230017 0.600535
16 0.457428 0.386727 0.0427317 0.26081 0.59537
31 0.17714 0.52926 0.0799743 0.174475 0.569931
12 0.664877 0.367476 0.0437411 0.285399 0.546421
10 0.73825 0.623614 0.0874134 0.222515 0.511069
20 0.248346 0.345745 0.0680722 0.21768 0.466406
10 0.299393 0.633051 0.0950624 0.231114 0.411924
4 0.547981 0.405383 0.0418963 0.253075 0.384512
1 0.416452 0.375151 0.0409358 0.303641 0.371727
4 0.496803 0.400334 0.0408951 0.263018 0.351467
26 0.685001 0.637245 0.0525049 0.228481 0.313469
27 0.362197 0.65293 0.0593535 0.222005 0.267984
12 0.378511 0.376332 0.0493903 0.270202 0.266546
1 0.627168 0.373598 0.0422254 0.310235 0.2506
