9 0.719856 0.425286 0.0543873 0.187381 0.912108
15 0.641957 0.426903 0.0365427 0.191924 0.911508
8 0.320444 0.407773 0.0581885 0.192881 0.901361
25 0.673737 0.429298 0.0363112 0.200521 0.895866
21 0.772691 0.416492 0.0474108 0.183479 0.890254
1 0.606382 0.42652 0.0391577 0.219136 0.879837
4 0.53646 0.412652 0.0428481 0.243424 0.858688
19 0.468882 0.419413 0.032091 0.202431 0.853433
12 0.396934 0.402958 0.0357466 0.213906 0.849582
16 0.572222 0.430748 0.0282835 0.206296 0.828457
18 0.457955 0.64606 0.0284467 0.193772 0.824063
0 0.431151 0.408151 0.0375433 0.231799 0.817798
7 0.499071 0.417609 0.0352846 0.214623 0.816617
24 0.364624 0.408368 0.0374312 0.192853 0.793526
20 0.267416 0.415492 0.0505353 0.189501 0.744585
3 0.422328 0.661615 0.0372276 0.210961 0.736893
2 0.576215 0.676197 0.0347347 0.233491 0.7141
5 0.481546 0.647018 0.0261217 0.18784 0.689106
17 0.541705 0.657182 0.0370637 0.197169 0.663566
5 0.509083 0.641633 0.0254953 0.167695 0.658408
27 0.346139 0.664134 0.0399325 0.228476 0.591318
14 0.384455 0.659301 0.0511478 0.209844 0.580816
22 0.768282 0.616664 0.0766939 0.172107 0.558578
13 0.615559 0.683286 0.0403212 0.227199 0.510895
26 0.346381 0.664929 0.0416495 0.229393 0.47441
13 0.387104 0.6638 0.0469275 0.218861 0.473253
14 0.615307 0.682865 0.0410777 0.224628 0.353946
23 0.769072 0.616658 0.0780811 0.172517 0.293198
2 0.42203 0.662591 0.0372589 0.214959 0.255181
6 0.54048 0.657144 0.0333383 0.199151 0.251027
