8 0.252353 0.392656 0.0769403 0.207366 0.973455
23 0.189956 0.602879 0.0996535 0.223065 0.971568
11 0.268979 0.661604 0.104614 0.239384 0.962543
21 0.747773 0.319627 0.0807703 0.207752 0.954405
22 0.768086 0.575626 0.0915779 0.214362 0.953369
14 0.377363 0.685746 0.0460856 0.21032 0.948602
10 0.712683 0.645932 0.103563 0.230839 0.940608
20 0.192047 0.360854 0.074058 0.20569 0.937247
1 0.595714 0.434808 0.0362226 0.236094 0.936553
15 0.629316 0.428179 0.0411968 0.20954 0.935323
31 0.124605 0.553719 0.0688488 0.120773 0.934055
0 0.387901 0.405807 0.0447058 0.279332 0.928777
9 0.710437 0.393456 0.0752766 0.200331 0.927376
4 0.508238 0.451845 0.0382518 0.243031 0.921055
26 0.649246 0.635229 0.0468341 0.128137 0.918469
28 0.163596 0.27898 0.0797153 0.125463 0.914634
30 0.827408 0.52925 0.0618574 0.127067 0.910524
16 0.548552 0.447766 0.0331541 0.232687 0.908515
25 0.662791 0.401571 0.0486751 0.229849 0.904813
3 0.416437 0.690258 0.0392221 0.203305 0.904486
7 0.466389 0.430689 0.0440686 0.250605 0.900272
27 0.333292 0.674357 0.0567452 0.232123 0.89663
2 0.581656 0.708831 0.0530037 0.230466 0.89356
13 0.611765 0.694831 0.0439629 0.218568 0.892568
18 0.457611 0.68573 0.0367481 0.16634 0.87601
5 0.482195 0.682575 0.0307087 0.164564 0.872208
6 0.507586 0.687991 0.0263546 0.152542 0.849509
29 0.785311 0.259507 0.0736054 0.131082 0.848149
24 0.310197 0.395133 0.0521596 0.233351 0.827771
19 0.434364 0.432043 0.0470322 0.24462 0.826636
17 0.538589 0.693277 0.027349 0.184809 0.799907
12 0.345835 0.408331 0.0472281 0.231224 0.797061
