31 0.194646 0.613265 0.0716361 0.129133 0.951167
11 0.315758 0.700439 0.0907646 0.21229 0.951149
23 0.25195 0.651057 0.0961018 0.199228 0.939723
10 0.710115 0.689872 0.0791334 0.199623 0.936055
26 0.654064 0.717689 0.0417741 0.232899 0.922506
20 0.264167 0.437971 0.0554299 0.188697 0.904691
18 0.484883 0.69001 0.0327284 0.189481 0.902334
14 0.414573 0.719738 0.0412004 0.239362 0.901092
8 0.315796 0.467039 0.0540629 0.170922 0.897453
2 0.585198 0.712019 0.0320963 0.242513 0.892462
13 0.618124 0.720343 0.0351915 0.246728 0.884779
27 0.375064 0.714166 0.0493639 0.219615 0.875464
7 0.486634 0.468529 0.0360147 0.215861 0.871953
22 0.769338 0.647355 0.0909761 0.19281 0.871756
28 0.234256 0.361464 0.0611454 0.132248 0.860734
24 0.362608 0.465365 0.0415696 0.190846 0.857698
0 0.420349 0.442481 0.0393942 0.244018 0.843847
17 0.554357 0.694803 0.0250364 0.200554 0.824411
6 0.529003 0.690531 0.0215449 0.184295 0.82219
5 0.505142 0.691574 0.0227849 0.186718 0.797515
19 0.454638 0.465346 0.0289423 0.192851 0.792979
3 0.450586 0.698871 0.03835 0.221013 0.783946
12 0.392736 0.463312 0.0355616 0.203494 0.753146
28 0.777477 0.371282 0.0564773 0.125816 0.725492
9 0.693748 0.469919 0.0516157 0.178131 0.678225
16 0.556562 0.464132 0.0319973 0.206879 0.666827
30 0.823708 0.590255 0.0771762 0.134822 0.665987
25 0.649162 0.464398 0.0362627 0.195853 0.658323
4 0.523222 0.465106 0.0356483 0.211817 0.575131
15 0.61827 0.46191 0.0330305 0.198279 0.574583
8 0.693991 0.469727 0.0522432 0.176541 0.561252
20 0.745785 0.445501 0.0529404 0.184295 0.550633
21 0.746026 0.445327 0.0531151 0.1853 0.482364
1 0.587768 0.440919 0.034519 0.241639 0.445144
0 0.588225 0.441 0.035697 0.242509 0.394226
24 0.64881 0.464473 0.0355713 0.195031 0.324143
