22 0.783614 0.426105 0.103122 0.193698 0.961321
26 0.68082 0.512001 0.0707008 0.186099 0.957263
30 0.835499 0.361533 0.0874981 0.165153 0.956405
31 0.18974 0.350432 0.0848225 0.158679 0.951716
0 0.427368 0.32303 0.0413971 0.226213 0.951449
25 0.681006 0.280084 0.0522927 0.194284 0.946616
3 0.428047 0.567018 0.0437422 0.195378 0.939002
21 0.775052 0.200647 0.0563143 0.202114 0.936441
13 0.640737 0.553551 0.0591284 0.20099 0.936436
20 0.261901 0.201013 0.0539881 0.222821 0.934558
7 0.494354 0.3453 0.0405422 0.214916 0.933642
27 0.354852 0.520296 0.0623291 0.196965 0.930568
1 0.606222 0.322222 0.0461645 0.221816 0.929904
8 0.31239 0.25642 0.0615739 0.196335 0.927853
23 0.242297 0.421611 0.0925315 0.193741 0.92269
14 0.391479 0.55334 0.0539468 0.20681 0.914675
19 0.459951 0.344238 0.0362208 0.196576 0.910082
17 0.559891 0.552368 0.0310388 0.164672 0.894592
15 0.644446 0.301571 0.0524237 0.209732 0.888382
4 0.536626 0.335598 0.0404813 0.196663 0.887201
9 0.724597 0.24978 0.0631125 0.202563 0.886486
12 0.390859 0.310764 0.0519935 0.196861 0.883146
2 0.599421 0.563097 0.0446088 0.206311 0.879179
18 0.464178 0.57248 0.0303621 0.15839 0.868355
16 0.573911 0.331039 0.0442705 0.210973 0.866373
28 0.217413 0.178585 0.0528376 0.182839 0.864975
24 0.358884 0.287268 0.0588616 0.205419 0.849366
29 0.822061 0.163827 0.0535798 0.192164 0.789386
6 0.533619 0.551649 0.0306471 0.151193 0.7753
25 0.644183 0.304036 0.0504552 0.197992 0.415119
