23 0.211586 0.599952 0.100615 0.214119 0.954251
20 0.222851 0.35328 0.0563629 0.204781 0.951724
11 0.281239 0.634901 0.10267 0.228531 0.951188
8 0.2842 0.375481 0.0655379 0.165388 0.932762
0 0.423996 0.376377 0.0495215 0.227582 0.920552
27 0.342446 0.651333 0.0703063 0.250292 0.903012
7 0.510739 0.39538 0.0488143 0.219416 0.899952
18 0.486194 0.626875 0.041119 0.188251 0.899536
24 0.340145 0.362213 0.0444471 0.202677 0.896275
12 0.383483 0.375037 0.0496836 0.187814 0.891914
31 0.153908 0.556249 0.0803087 0.170793 0.89038
17 0.580057 0.637354 0.0362236 0.200926 0.889736
14 0.394711 0.657482 0.0490136 0.240816 0.888317
19 0.470648 0.383867 0.0470966 0.221806 0.887655
28 0.16796 0.350162 0.0618268 0.180197 0.885915
13 0.664116 0.675616 0.0455185 0.238704 0.859961
6 0.546398 0.617235 0.0322747 0.153077 0.855561
2 0.621589 0.661416 0.0479597 0.251899 0.845291
0 0.641955 0.37576 0.0424566 0.260817 0.844155
20 0.804311 0.372104 0.0551346 0.213239 0.841227
10 0.761573 0.652172 0.0904166 0.225003 0.836372
19 0.599496 0.395563 0.042898 0.217714 0.82899
26 0.701658 0.665615 0.0499884 0.225533 0.822414
3 0.440731 0.628469 0.0502224 0.211366 0.820174
5 0.51594 0.610462 0.0302002 0.134521 0.745147
24 0.715676 0.388216 0.0425837 0.208665 0.670466
7 0.555646 0.403387 0.0476351 0.210815 0.651199
12 0.67869 0.410489 0.0411328 0.171334 0.636007
4 0.555815 0.40234 0.0481878 0.211018 0.60329
22 0.822675 0.621033 0.09153 0.204477 0.552561
30 0.892362 0.566564 0.0999874 0.106624 0.483777
28 0.85411 0.366007 0.0497822 0.183335 0.434389
23 0.822589 0.6215 0.0902885 0.205943 0.326434
31 0.89228 0.567102 0.100303 0.105911 0.323134
