31 0.263866 0.586876 0.0865347 0.110555 0.906349
22 0.681943 0.64209 0.071595 0.202127 0.902122
13 0.571401 0.670686 0.026946 0.230323 0.878741
20 0.308494 0.451073 0.0441154 0.152937 0.875579
23 0.321993 0.657643 0.0691094 0.205354 0.866953
9 0.644947 0.429442 0.0429405 0.190985 0.858356
11 0.367822 0.667912 0.058377 0.21628 0.853944
8 0.348848 0.442091 0.0442299 0.182861 0.853074
30 0.73325 0.580292 0.0821653 0.158212 0.836645
18 0.474211 0.622355 0.023262 0.145757 0.819513
16 0.535545 0.430342 0.0232908 0.194625 0.812316
10 0.631936 0.654551 0.0575289 0.21112 0.806953
4 0.511526 0.432839 0.0258324 0.198129 0.776246
26 0.596368 0.668154 0.0311646 0.228895 0.772029
1 0.561129 0.425913 0.0287771 0.201697 0.770094
21 0.686284 0.422491 0.0436954 0.18497 0.760949
14 0.429258 0.667459 0.0286627 0.215519 0.741388
0 0.433972 0.425874 0.0298681 0.208715 0.732193
15 0.587113 0.430184 0.0281347 0.194215 0.723901
27 0.405619 0.66901 0.0337152 0.218043 0.712887
24 0.381167 0.429884 0.0353585 0.191122 0.701161
5 0.491186 0.625842 0.0186924 0.157028 0.667224
25 0.612352 0.428922 0.032317 0.19536 0.664627
6 0.507349 0.636365 0.0169132 0.177806 0.660222
17 0.527643 0.647434 0.0190684 0.192267 0.643357
7 0.483663 0.431076 0.0289542 0.204704 0.640127
3 0.453019 0.654039 0.0258474 0.211395 0.633076
12 0.407406 0.428113 0.0302049 0.199986 0.603958
2 0.548233 0.666237 0.0233873 0.227835 0.60345
28 0.272309 0.445701 0.0448638 0.148671 0.533146
19 0.458672 0.426193 0.0237433 0.198287 0.499489
29 0.721841 0.40395 0.0397694 0.167362 0.384545
28 0.277411 0.447372 0.0370365 0.130007 0.37577
3 0.454317 0.628217 0.0252514 0.158177 0.253415
