23 0.323777 0.625895 0.0738605 0.183476 0.91318
7 0.487902 0.43855 0.0302341 0.199711 0.887544
4 0.515333 0.436314 0.0291202 0.206029 0.881676
9 0.635983 0.433094 0.0439851 0.172449 0.881144
11 0.378337 0.640469 0.0567853 0.197359 0.877613
31 0.278515 0.589085 0.0648548 0.170986 0.854919
22 0.671381 0.610673 0.0628286 0.168549 0.849478
12 0.417936 0.438548 0.0390616 0.199388 0.843753
10 0.623189 0.624727 0.0508986 0.18087 0.835712
5 0.495891 0.63678 0.0218254 0.156604 0.831968
30 0.713131 0.570226 0.0572044 0.160843 0.824584
27 0.414946 0.64675 0.037994 0.191556 0.821111
20 0.319944 0.45901 0.044775 0.1462 0.806975
24 0.392047 0.447772 0.0425468 0.177652 0.802479
25 0.603992 0.43084 0.029443 0.186432 0.798033
18 0.47842 0.639636 0.0256933 0.1669 0.797506
14 0.439964 0.649499 0.0309341 0.188183 0.786796
26 0.590605 0.636406 0.0331635 0.189443 0.768986
0 0.437014 0.431733 0.0314062 0.21687 0.764918
17 0.528249 0.637493 0.0190766 0.173562 0.758182
19 0.46282 0.443977 0.0282732 0.193098 0.757946
13 0.566573 0.646452 0.0251519 0.191591 0.742134
21 0.670581 0.437795 0.0423551 0.145885 0.738245
15 0.582461 0.431293 0.0308218 0.192088 0.735727
3 0.461387 0.648872 0.0240002 0.178512 0.723842
1 0.560149 0.429279 0.0269739 0.205119 0.707851
16 0.539097 0.436211 0.0237394 0.196906 0.696884
2 0.547152 0.645983 0.0229527 0.190746 0.64828
28 0.302294 0.362192 0.0662494 0.122734 0.550015
6 0.510939 0.63547 0.0197115 0.154877 0.535756
29 0.684223 0.354545 0.0516214 0.104317 0.269644
