7 0.474727 0.44259 0.0413666 0.209783 0.886007
4 0.515091 0.443777 0.0375397 0.203038 0.879726
22 0.715273 0.633933 0.0640035 0.178364 0.876762
20 0.282026 0.43073 0.0432614 0.174041 0.867906
9 0.668623 0.443009 0.0488728 0.184902 0.866397
8 0.32243 0.440331 0.0470277 0.180689 0.862346
16 0.548016 0.443018 0.029011 0.200568 0.843919
11 0.336513 0.651712 0.055966 0.202679 0.841037
30 0.77577 0.624337 0.0722348 0.152113 0.833814
18 0.461719 0.650341 0.0277079 0.151045 0.825074
21 0.710587 0.434961 0.0508809 0.173279 0.823477
10 0.662596 0.654247 0.0588947 0.198339 0.81878
0 0.410472 0.434555 0.0339351 0.227633 0.814718
14 0.407244 0.669156 0.029826 0.210741 0.805076
24 0.356889 0.444045 0.0323775 0.190238 0.78504
31 0.225243 0.655107 0.0804038 0.116996 0.784287
2 0.561707 0.670375 0.0291786 0.201736 0.783905
12 0.385018 0.443275 0.0328785 0.199416 0.783813
13 0.592443 0.674262 0.0353718 0.205582 0.781469
1 0.579396 0.439592 0.0310412 0.225029 0.772949
19 0.442706 0.442519 0.0338219 0.202066 0.765486
27 0.376813 0.663774 0.0369871 0.202694 0.762654
25 0.632064 0.44548 0.0322777 0.203121 0.751838
17 0.533953 0.647166 0.0256763 0.153154 0.751186
3 0.433403 0.666475 0.0319899 0.201617 0.751049
15 0.605758 0.446354 0.0314585 0.206379 0.712503
23 0.286353 0.638971 0.0548266 0.193138 0.702498
6 0.510267 0.642429 0.0258215 0.136866 0.701162
26 0.622844 0.668545 0.0404324 0.200153 0.695087
5 0.485835 0.641332 0.0245846 0.135101 0.672345
