4 0.515702 0.514115 0.0290346 0.200859 0.918727
30 0.729802 0.677422 0.0550595 0.146276 0.895376
8 0.349162 0.51291 0.0438102 0.159877 0.891271
31 0.266817 0.67202 0.0535228 0.160646 0.887403
22 0.688098 0.702949 0.0548418 0.155241 0.864507
12 0.409601 0.510627 0.0326349 0.181052 0.837394
20 0.310849 0.516886 0.0426242 0.132883 0.833962
7 0.485074 0.510899 0.0322048 0.202677 0.831367
26 0.605825 0.729007 0.0327674 0.175516 0.821569
10 0.644758 0.731937 0.0567783 0.190145 0.820642
23 0.311435 0.677515 0.0525493 0.15882 0.820036
19 0.457904 0.507573 0.0286636 0.191402 0.81731
0 0.431658 0.505998 0.0319334 0.193571 0.813754
27 0.394192 0.710184 0.0367782 0.176772 0.802192
1 0.564758 0.517533 0.0280334 0.197339 0.794576
11 0.355757 0.702984 0.0564426 0.17477 0.792689
17 0.529782 0.714939 0.022883 0.157924 0.789736
16 0.541064 0.518661 0.0264368 0.192166 0.769122
2 0.553124 0.730096 0.0230426 0.189944 0.768722
24 0.383074 0.509057 0.0357768 0.172996 0.75898
25 0.61501 0.523594 0.0336403 0.185074 0.754598
21 0.68359 0.519236 0.0422651 0.169164 0.735568
9 0.645501 0.525883 0.041156 0.179739 0.732186
29 0.707802 0.471972 0.0525947 0.121205 0.722613
15 0.589493 0.522193 0.0317855 0.194016 0.699816
18 0.472674 0.716633 0.0236113 0.166529 0.667851
6 0.509683 0.712031 0.0206415 0.147816 0.652824
14 0.421878 0.713442 0.0304536 0.180993 0.6267
13 0.577577 0.728326 0.0257004 0.176451 0.617823
5 0.49265 0.710976 0.0202576 0.146182 0.558933
3 0.448287 0.727206 0.0266069 0.205581 0.555841
28 0.289241 0.447918 0.0511828 0.102844 0.449093
21 0.676265 0.521894 0.0327881 0.166574 0.366977
