2 0.602418 0.724334 0.0670538 0.202573 0.8741
12 0.394581 0.483564 0.0356551 0.196239 0.865973
24 0.365544 0.481767 0.0315342 0.177495 0.863837
11 0.311555 0.665566 0.0734748 0.197975 0.859694
7 0.485378 0.489321 0.042135 0.236778 0.858808
0 0.420839 0.482752 0.033167 0.220786 0.857776
4 0.526709 0.495354 0.0358974 0.221031 0.842201
19 0.450794 0.48853 0.0309748 0.21578 0.829553
23 0.261995 0.635901 0.0738771 0.182897 0.823551
28 0.253043 0.445799 0.0386888 0.170495 0.81621
14 0.382401 0.710339 0.0557116 0.191114 0.81617
31 0.216889 0.589782 0.0686171 0.124397 0.814352
20 0.289621 0.453738 0.0413321 0.164358 0.803793
27 0.351813 0.704024 0.0549222 0.205968 0.798443
8 0.329306 0.477521 0.0430632 0.163097 0.795359
3 0.411534 0.727663 0.0561339 0.195128 0.794952
16 0.559449 0.485062 0.0328997 0.224467 0.791808
15 0.617256 0.472876 0.0363344 0.211047 0.788925
13 0.634044 0.715719 0.0599636 0.202501 0.785077
25 0.645728 0.476759 0.0327559 0.188145 0.745685
10 0.696321 0.666354 0.0733762 0.192714 0.677028
21 0.719425 0.449164 0.0419256 0.155344 0.676617
9 0.681056 0.473095 0.0423802 0.16336 0.665688
1 0.588349 0.472184 0.0303066 0.223624 0.659001
6 0.529948 0.706007 0.0352181 0.119305 0.647171
26 0.660525 0.707437 0.0607785 0.207816 0.597676
17 0.562421 0.706518 0.0432438 0.143446 0.590004
29 0.75488 0.431503 0.0487104 0.139006 0.55968
22 0.748922 0.626035 0.0830952 0.17641 0.55756
2 0.412168 0.726929 0.0555578 0.197965 0.527214
23 0.748963 0.624741 0.0838011 0.174805 0.379011
18 0.452405 0.71934 0.0412845 0.156318 0.356963
31 0.794758 0.583315 0.0824797 0.125397 0.342261
