23 0.28971 0.661468 0.0638819 0.182427 0.905645
11 0.339421 0.673026 0.061451 0.18692 0.904119
7 0.486054 0.467792 0.0381853 0.202042 0.903984
22 0.713307 0.671869 0.06138 0.180164 0.886602
8 0.331559 0.474086 0.0509588 0.18312 0.881547
24 0.367276 0.471046 0.0360542 0.19115 0.88101
20 0.288442 0.475079 0.0486052 0.167902 0.876627
31 0.2407 0.653141 0.0601429 0.172956 0.874669
12 0.397441 0.471881 0.0363342 0.197399 0.870439
16 0.553449 0.471471 0.0307984 0.212953 0.865622
0 0.42344 0.463811 0.0357887 0.209818 0.865252
30 0.759523 0.64677 0.0569062 0.142824 0.85982
17 0.531082 0.664329 0.0267388 0.151672 0.83307
4 0.520663 0.46452 0.0356401 0.217922 0.827387
27 0.379096 0.672281 0.0361226 0.177294 0.82076
14 0.407774 0.6778 0.0312498 0.185103 0.818699
19 0.453954 0.467377 0.0338829 0.192181 0.805198
5 0.486745 0.662164 0.0241579 0.145863 0.791116
10 0.660761 0.693134 0.0567093 0.187966 0.789891
21 0.715429 0.480012 0.0431168 0.174089 0.777081
9 0.672566 0.487954 0.0438549 0.187795 0.770055
18 0.464563 0.665123 0.027487 0.172939 0.757613
1 0.584969 0.464312 0.0350142 0.228451 0.755999
2 0.557459 0.687256 0.028026 0.184657 0.753169
6 0.507665 0.66574 0.0237823 0.145205 0.750968
3 0.437996 0.67934 0.0299541 0.182476 0.745967
15 0.611682 0.481 0.0335413 0.203972 0.739378
25 0.637499 0.485421 0.0340725 0.195129 0.722887
26 0.619429 0.692463 0.0373142 0.185633 0.669822
13 0.587504 0.688948 0.0308502 0.184606 0.664653
