11 0.339811 0.657216 0.0703521 0.225795 0.930876
31 0.21818 0.577958 0.0984923 0.12685 0.915829
20 0.287203 0.416039 0.0479093 0.188401 0.914625
24 0.372587 0.432008 0.0347911 0.20591 0.907419
8 0.333333 0.427467 0.052776 0.194705 0.899915
23 0.287618 0.620984 0.0771137 0.195243 0.87957
28 0.247903 0.409422 0.0571844 0.157039 0.861325
14 0.421854 0.6754 0.0375001 0.199899 0.860185
25 0.640437 0.43932 0.0316971 0.200261 0.841546
27 0.387596 0.66961 0.0404991 0.200762 0.830677
4 0.52825 0.457186 0.0348717 0.202628 0.828391
18 0.480356 0.670054 0.0317297 0.160282 0.807542
1 0.587107 0.435065 0.0288429 0.231962 0.802099
5 0.504545 0.669832 0.0346394 0.161201 0.797349
9 0.672742 0.428506 0.0426535 0.20228 0.780414
7 0.493849 0.452475 0.0368273 0.204391 0.776761
3 0.453328 0.672307 0.0340382 0.190281 0.770534
26 0.628607 0.672228 0.0394243 0.202395 0.758721
22 0.709607 0.627148 0.0599789 0.18047 0.75588
15 0.611013 0.439294 0.0383383 0.212588 0.725864
10 0.666534 0.659024 0.05707 0.197267 0.723439
16 0.561932 0.445382 0.0282897 0.196293 0.719606
21 0.711908 0.4173 0.0394102 0.182766 0.664967
0 0.413552 0.436167 0.036187 0.206508 0.649167
6 0.530417 0.667119 0.0281376 0.147726 0.601218
17 0.56833 0.662086 0.0290689 0.162642 0.580304
28 0.739551 0.38318 0.043787 0.109685 0.576197
6 0.536456 0.666969 0.0300074 0.149849 0.550782
19 0.459775 0.449088 0.0345437 0.181666 0.523329
0 0.429667 0.446869 0.0336046 0.197702 0.519523
30 0.753996 0.606799 0.0618624 0.147545 0.516567
2 0.597566 0.681382 0.0322203 0.192499 0.507795
13 0.598533 0.679648 0.0312929 0.192051 0.504804
29 0.738798 0.382532 0.044915 0.10931 0.38575
17 0.546836 0.662695 0.0277895 0.151981 0.364968
6 0.543404 0.667142 0.0286697 0.150435 0.357765
12 0.396409 0.434351 0.02967 0.202244 0.346251
12 0.406319 0.436467 0.0411995 0.203036 0.315214
