21 0.71875 0.337124 0.0583966 0.223284 0.947817
23 0.278528 0.536338 0.101365 0.211171 0.94409
31 0.223786 0.470008 0.105387 0.207908 0.938719
20 0.294287 0.333619 0.0560332 0.200875 0.920449
8 0.346599 0.343111 0.0615875 0.212117 0.904942
27 0.392596 0.5789 0.0453616 0.211663 0.897692
10 0.669818 0.572635 0.0781538 0.203146 0.85596
30 0.821527 0.511673 0.107257 0.153965 0.855152
14 0.424163 0.58954 0.0403177 0.196856 0.854182
6 0.513098 0.594446 0.0248672 0.156086 0.846962
22 0.731592 0.553802 0.0874114 0.214956 0.846512
26 0.61564 0.594391 0.0465199 0.220854 0.834698
2 0.553572 0.613912 0.0329474 0.217321 0.830121
11 0.34352 0.55749 0.0747277 0.199134 0.827471
9 0.663071 0.344903 0.0579924 0.228603 0.807225
29 0.76694 0.340079 0.0625818 0.20948 0.800244
28 0.249721 0.313609 0.0553387 0.168141 0.797625
3 0.451756 0.606109 0.0337175 0.215053 0.783677
1 0.564646 0.36657 0.0361776 0.26274 0.77796
13 0.582143 0.602218 0.0378435 0.206242 0.776433
25 0.620228 0.354766 0.0432816 0.231241 0.775033
0 0.430671 0.364955 0.041956 0.248881 0.749892
16 0.537911 0.387597 0.0360404 0.207324 0.744383
12 0.404351 0.361211 0.0428712 0.231087 0.743879
15 0.59012 0.36426 0.0441957 0.253835 0.72069
7 0.484389 0.379042 0.0376966 0.221949 0.717266
24 0.37921 0.350911 0.0318016 0.208075 0.70177
17 0.53085 0.602967 0.0267787 0.158712 0.687183
18 0.476042 0.58744 0.0309546 0.176097 0.686573
5 0.496852 0.586953 0.0259263 0.159519 0.615408
19 0.458325 0.371011 0.0347618 0.23188 0.516417
4 0.512897 0.386221 0.0310959 0.200609 0.408816
5 0.478314 0.588144 0.0348679 0.171252 0.284028
16 0.513181 0.386068 0.0315708 0.204483 0.27443
