24 0.341737 0.358168 0.0497769 0.258681 0.916636
27 0.353153 0.637661 0.0486052 0.259546 0.910653
21 0.777653 0.34731 0.0591869 0.239396 0.87714
14 0.389158 0.642438 0.0423125 0.251284 0.866949
25 0.67883 0.360842 0.0440027 0.272541 0.858041
7 0.485927 0.400515 0.0379206 0.242853 0.834792
18 0.464538 0.654274 0.0253164 0.230125 0.815108
6 0.51861 0.652916 0.0250677 0.218013 0.784509
5 0.491612 0.653282 0.024157 0.210875 0.779011
4 0.527383 0.392781 0.0387077 0.266131 0.754443
19 0.448216 0.402422 0.033259 0.246331 0.747708
3 0.428715 0.657371 0.0403713 0.263506 0.737572
2 0.580632 0.664894 0.0380014 0.251985 0.704073
17 0.545493 0.661138 0.0272286 0.230112 0.694492
26 0.68708 0.642127 0.0449211 0.241776 0.648168
13 0.642831 0.657533 0.0436362 0.253074 0.635073
29 0.164392 0.355196 0.0658504 0.194855 0.620043
21 0.240006 0.371229 0.0634136 0.246699 0.618266
30 0.823804 0.555161 0.0859176 0.180802 0.590333
16 0.564911 0.38654 0.0383083 0.258553 0.429789
29 0.838427 0.354663 0.0653629 0.188922 0.421615
23 0.764455 0.613343 0.106771 0.232078 0.404989
20 0.2398 0.36845 0.0633718 0.246241 0.387667
15 0.642048 0.368843 0.0377611 0.279602 0.361674
10 0.763167 0.613722 0.106176 0.233371 0.355417
1 0.605914 0.375546 0.0436787 0.287475 0.350771
0 0.605693 0.375933 0.0430299 0.287413 0.304853
22 0.764049 0.61343 0.106081 0.232374 0.268873
25 0.341252 0.359803 0.0491494 0.25664 0.260498
