11 0.313045 0.609188 0.08196 0.219976 0.951079
8 0.302958 0.370839 0.0591118 0.228433 0.941005
1 0.615082 0.381789 0.03722 0.268452 0.937758
20 0.247653 0.363347 0.0597896 0.19687 0.934358
9 0.715857 0.379347 0.0510929 0.211835 0.934022
0 0.418444 0.376162 0.0404396 0.254757 0.930531
23 0.246964 0.565271 0.0938431 0.203626 0.921903
3 0.43798 0.640383 0.050218 0.223476 0.913143
15 0.64617 0.393489 0.0372195 0.217942 0.909677
31 0.1776 0.549028 0.0760404 0.132851 0.909425
14 0.406185 0.619471 0.0504154 0.194535 0.906612
16 0.578395 0.400502 0.0301701 0.224889 0.902202
13 0.627002 0.625731 0.0361928 0.208079 0.895745
10 0.706277 0.609091 0.0683111 0.210686 0.885961
4 0.540234 0.396644 0.0358011 0.221347 0.879737
27 0.371126 0.611061 0.0459985 0.208261 0.876607
19 0.45983 0.392512 0.0348727 0.219904 0.873443
22 0.766073 0.573127 0.0712424 0.199261 0.873358
21 0.763072 0.369526 0.0514959 0.194784 0.868691
26 0.663255 0.612822 0.0421592 0.198085 0.866273
18 0.47831 0.631299 0.0244871 0.183951 0.851574
2 0.594765 0.641186 0.0452003 0.22952 0.849516
7 0.495831 0.39541 0.0369053 0.221588 0.846702
28 0.224066 0.275017 0.0523681 0.110111 0.83496
17 0.557186 0.631946 0.0332445 0.192326 0.831769
30 0.818387 0.55479 0.0556244 0.115546 0.815619
24 0.348192 0.386785 0.0407435 0.20823 0.813199
25 0.676044 0.386722 0.0328522 0.213153 0.809668
6 0.530228 0.631216 0.0260944 0.176773 0.800316
5 0.505348 0.628074 0.0246527 0.169693 0.776716
12 0.378919 0.385469 0.0377442 0.219031 0.7679
29 0.787179 0.285944 0.0485685 0.108917 0.662209
