10 0.771051 0.684692 0.0942747 0.242473 0.950693
22 0.837609 0.639262 0.101357 0.209015 0.950304
23 0.249781 0.623204 0.121627 0.227051 0.945412
20 0.27374 0.365778 0.064747 0.221854 0.934387
11 0.329951 0.66451 0.105405 0.244866 0.933619
26 0.70403 0.700413 0.0454626 0.234441 0.905598
2 0.621479 0.704001 0.0373563 0.285883 0.894639
15 0.683567 0.383882 0.0497619 0.267182 0.893869
8 0.341484 0.369204 0.0743905 0.234987 0.892601
19 0.50104 0.375457 0.0486866 0.261531 0.890654
9 0.772981 0.374577 0.0613206 0.256439 0.890068
27 0.400503 0.672603 0.0495349 0.242783 0.890018
31 0.186613 0.593317 0.0805133 0.149762 0.886706
14 0.441957 0.66893 0.0477411 0.240573 0.882652
13 0.660781 0.704984 0.0418412 0.264556 0.875761
25 0.724119 0.380403 0.0439579 0.260201 0.870475
5 0.534448 0.662397 0.0368288 0.233778 0.868512
29 0.840502 0.255934 0.0914499 0.139472 0.854179
7 0.535427 0.381873 0.0494457 0.293768 0.843859
0 0.465408 0.36976 0.0539175 0.255139 0.842366
21 0.829759 0.378285 0.0604389 0.220528 0.834894
24 0.394913 0.366872 0.0517851 0.244075 0.828525
4 0.577202 0.391014 0.0472869 0.286541 0.79938
16 0.613945 0.387195 0.0400967 0.275878 0.78706
28 0.246258 0.231027 0.0926592 0.147665 0.774906
1 0.650573 0.377986 0.0467995 0.286201 0.770255
6 0.561109 0.668811 0.0315626 0.22817 0.748113
18 0.513295 0.660908 0.0420595 0.22294 0.707633
12 0.430324 0.365936 0.0494272 0.248859 0.699507
3 0.482481 0.667938 0.0481785 0.267769 0.692931
17 0.58857 0.668463 0.0349217 0.216148 0.67168
