27 0.305602 0.583254 0.0502193 0.22496 0.938469
20 0.195547 0.331189 0.0612117 0.213079 0.931603
23 0.17892 0.531692 0.111671 0.218312 0.923464
8 0.24965 0.358985 0.063191 0.209301 0.916735
13 0.608407 0.595212 0.0586582 0.219627 0.904357
7 0.449565 0.387754 0.0503704 0.221603 0.904141
14 0.348384 0.588206 0.053084 0.202957 0.893748
21 0.768094 0.316973 0.0620508 0.217351 0.893007
31 0.115777 0.470685 0.119542 0.191408 0.892569
0 0.373719 0.373001 0.0454401 0.270133 0.886494
18 0.420839 0.614623 0.0440873 0.178641 0.864382
12 0.33631 0.373814 0.0508068 0.235352 0.855992
26 0.652376 0.57753 0.065013 0.227685 0.848692
28 0.144642 0.30762 0.0623534 0.188249 0.842781
3 0.380931 0.614772 0.053019 0.216948 0.839117
10 0.714278 0.548601 0.0942987 0.218978 0.829038
24 0.297096 0.36882 0.0478968 0.220964 0.824719
19 0.41097 0.383957 0.0456171 0.232842 0.824467
4 0.497823 0.375148 0.0494721 0.236327 0.817842
2 0.569361 0.608049 0.0541267 0.215724 0.775501
5 0.45718 0.623719 0.0361419 0.172016 0.755871
17 0.530815 0.606027 0.0454462 0.170069 0.746863
11 0.206284 0.620204 0.0637745 0.158876 0.698852
15 0.617545 0.360017 0.0453825 0.252463 0.683261
25 0.654321 0.323762 0.0389881 0.184158 0.643165
9 0.706129 0.345147 0.0675499 0.199953 0.622278
16 0.537924 0.372985 0.0445315 0.243463 0.585291
6 0.493386 0.60836 0.0368258 0.156165 0.542539
1 0.577059 0.366021 0.0501019 0.273799 0.441835
22 0.779904 0.525611 0.0978751 0.219402 0.378096
