8 0.304768 0.471278 0.0610015 0.189281 0.971237
15 0.696781 0.478914 0.0465521 0.19309 0.965438
20 0.246755 0.465628 0.0576937 0.16417 0.963291
21 0.844094 0.463895 0.0527203 0.177555 0.949852
0 0.440723 0.471457 0.0432859 0.226351 0.938167
11 0.338061 0.728507 0.0754807 0.20685 0.937551
22 0.813061 0.711266 0.082851 0.207104 0.936752
9 0.787943 0.482037 0.0581587 0.172066 0.932715
18 0.505265 0.731507 0.0253534 0.190331 0.931304
1 0.654893 0.480499 0.0475159 0.210456 0.926989
26 0.689819 0.736992 0.0432077 0.207089 0.916318
7 0.526307 0.493709 0.0428591 0.201672 0.914478
16 0.6112 0.494299 0.0320368 0.193694 0.912624
13 0.651052 0.738443 0.0371336 0.199283 0.912616
24 0.355749 0.469033 0.0419422 0.193261 0.908315
25 0.738595 0.472076 0.042417 0.203943 0.899818
30 0.872982 0.664845 0.068602 0.158016 0.893787
4 0.571456 0.496634 0.0404675 0.193221 0.893373
10 0.746917 0.727997 0.0751448 0.218722 0.890296
2 0.61421 0.74633 0.0344616 0.217475 0.883455
29 0.8965 0.464011 0.0514359 0.141121 0.883047
12 0.395825 0.466762 0.0471238 0.211078 0.878006
27 0.39569 0.740708 0.0436957 0.202696 0.866736
3 0.472254 0.743451 0.0335241 0.22142 0.858306
23 0.27264 0.710365 0.0798548 0.201612 0.857683
19 0.48137 0.492026 0.0402649 0.192852 0.856026
28 0.192399 0.471377 0.0449817 0.128953 0.850627
17 0.580586 0.732222 0.0232428 0.180779 0.84159
14 0.434457 0.745499 0.037182 0.214799 0.825053
5 0.531101 0.724927 0.0227997 0.166392 0.741465
6 0.5544 0.728182 0.0220982 0.168495 0.733439
31 0.216702 0.66973 0.061723 0.168135 0.674487
