27 0.369205 0.596045 0.0569246 0.207686 0.933478
18 0.457829 0.644322 0.040943 0.192832 0.930869
3 0.424131 0.637762 0.060204 0.225308 0.894661
14 0.399433 0.624951 0.0473401 0.223934 0.888323
23 0.271576 0.52002 0.0857437 0.192203 0.875642
29 0.264514 0.277361 0.0492278 0.125722 0.800999
5 0.484105 0.651648 0.0301991 0.191796 0.792949
29 0.770184 0.361151 0.0802242 0.115535 0.784385
21 0.747743 0.430749 0.0699546 0.189225 0.756485
19 0.444364 0.423677 0.0359769 0.16584 0.690218
15 0.383141 0.400068 0.0443779 0.192001 0.68654
31 0.221244 0.522598 0.0584834 0.142591 0.673279
7 0.519952 0.428858 0.0386186 0.212869 0.668414
1 0.414421 0.395693 0.0381409 0.217756 0.636132
25 0.347646 0.390317 0.0357752 0.212623 0.63414
2 0.562328 0.651043 0.0350744 0.20572 0.598329
0 0.41428 0.403357 0.0378364 0.201548 0.594752
30 0.785554 0.556884 0.0712654 0.155709 0.577236
13 0.594989 0.655404 0.0401214 0.227779 0.538921
7 0.474632 0.424724 0.0394829 0.221453 0.518701
25 0.674096 0.43837 0.0275406 0.114533 0.515793
4 0.475396 0.424202 0.0400049 0.22306 0.503898
26 0.630806 0.647791 0.0412731 0.216032 0.473058
16 0.443629 0.425119 0.0371073 0.16389 0.456854
31 0.78564 0.556919 0.0717589 0.155393 0.432326
17 0.533699 0.64136 0.0269101 0.156847 0.419742
14 0.596004 0.652556 0.0400222 0.225163 0.326451
